0 2 3 0 3 6 3 8 3 10 3 12 13 0
0 2 0 4 0 6 7 9
0 2 2 4 5 7 5 9 5 11 5 2 5 5 7 15 11 17
0 2 0 4 2 6
0 2 2 4
0 2 0 4 0 6 0 8 0 10 4 12
0 2 0 4 0 6 6 8
0 2 0 4 0 4 0 7 0 9 4 11 9 13
0 2 0 4 0 6
0 2 2 4
0 2 0 4 0 6 0 8 2 10 4 12 6 14 6 16
0 2 0 4 4 0 4 2 7 0
0 2 0 4 5 0
0 2 0 4 0 6 2 6
0 2 3 0 5 0 7 0 9 0 11
0 2 0 4 0 6 4 8 6 10
0 2 0 4 0 6 2 8
0 2 0 4 0 6 0 8 6 10 8 12
0 2 0 4 0 6 0 8 0 10 6 12 13 0
0 2 2 4 4 6 7 2 7 4
0 2 0 4 0 6 0 8 0 10 0 12 10 14
0 2 0 4 0 6 0 8 0 10 11 4 4 14 4 16
0 2 0 2
0 2 0 4 4 6 7 4
0 2 3 5 5 7 8 2
0 2 0 4 2 2 4 7
0 2 0 4 4 6 4 8
0 2 0 4 0 6 6 8
0 2 2 4 5 7 5 9 7 11 9 13
0 2 0 4 0 6 6 8
0 2 0 4 0 6 0 8 0 10 2 12 8 2
0 2 0 4 0 6 2 8 9 4 9 6 9 2
0 2
0 2 3 5 3 7 3 9 3 11 12 11 11 15
0 2 0 4 0 6 0 8 0 10 2 12 8 14
0 2 0 4 0 0 4 7
0 0 2 4 2 0
0 2 0 4
0 2 0 4 2 6 7 9 7 11 7 13 11 15 11 2
0 2 2 4 5 7 5 2 7 10
0 2 0 4 0 6 0 8 9 8
0 2 0 4
0 2 2 4 2 6 7 2
0 2 0 4 5 2
0 2 0 4 2 6
0 2 0 4 5 0 5 8
0 2 0 4 0 6 6 8
0 2 0 4 0 6 6 8 9 0
0 0
0 2 0 4 0 6 6 8
0 2 0 4 0 6 0 8 2 10 2 12 13 6 6 16 8 18
0 2 0 4 0 6 0 8 2 10 6 12 13 4 12 16
0 2 0 4 0 6 7 4 9
0 2 2 4 2 4 2 7 8 7 8 2 8 0
0 2 0 4 0 4 0 7
0 2 0 4 0 6 0 8 0 10 2 0 2 6 2 10 2 4 6 16 6 16 10 19 10 21 10 21 23 0
0 2 0 4 0 6 0 8 4 10 6 12
0 2 0 4 0 6 0 8 6 10
0 2 0 4 0 6
0 2 0 4 0 6 4 8
0 2 0 4 0 6 4 8 6 10 11 13 14 4
0 2 3 2 3 6
0 2
0 2 0 4 0 6 0 8 0 10 4 12 13 10 10 16
0 2 0 4 0 6 2 8
0 2 0 4
0 2 0 4 0 6 0 8 0 10 0 12 8 14 8 16 6 18
0 2 3 2 3 6 3 8
0 2 0 4 0 6 0 8 2 10 2 12
0 2 0 4 4 6
0 2 0 4
0 2 0 4 0 6 2 8 4 10
0 2 0 2 0 5 2 7 2 9 5 11
0 2 0 4 0 6 2 8 9 2
0 2 2 4
0 2 0 4 0 6 0 8 4 10 8 12
0 2 0 4 0 6 0 8 8 10
0 2 0 4 0 6 0 8 0 10 0 12 8 14 10 16 12 18
0 2 0 4 0 6 2 8 2 10 11 6 6 14 6 16
0 2 0 4
0 2 0 4
0 2 0 4 0 6 0 8
0 2 0 4 0 6 2 8 4 10
0 2 0 4 0 6 2 8 9 2 6 12
0 2 3 0 3 6
0 2 0 4 0 6 2 8 9 2 4 12
0 2 0 4
0 2 3 2 3 6 3 8
0 2
0 2 0 4 0 6 0 8 2 10
0 2 0 4 0 4 2 7 2 7 9 11 9 13 9 15 9 2 9 0 11 19 11 0 11 13
0 2 0 4 0 6 0 8 0 10 2 12 4 14 8 16 17 10
0 2 0 4 0 6
0 2 0 4 0 6 7 9 9 4 4 12
0 2 3 5 3 5 3 2 5 9
0 2 0 4 2 6 7 9 7 4
0 2 0 4 0 6 0 8 0 10 8 12 10 14
0 2 0 4 2 6 2 8
0 2 0 4
0 2 0 4 0 6 0 6 0 9 10 12
0 2 0 4 0 6 0 8 6 10 6 12
0 2 0 4 2 6
0 2 0 4 2 6 4 8 4 10
0 2 3 0
0 2 0 4
0 2 0 4 0 6 0 8 0 10 2 12 4 14 6 16 6 16
0 2 0 4 0 6 0 8 2 4 2 6
0 2 0 4 0 6 2 8 6 10
0 2 0 4 0 6 0 8 0 10 4 12 8 14 8 16 10 18
0 2 0 4 0 6 6 8 9 0
0 2 0 4 0 6 0 6
0 2 0 4 0 6 6 8 6 8 10 2 12 2 12 4 12 6 12 6
0 2 0 4 0 6 6 8 6 10
0 2 0 4 4 6
0 2 3 2 3 6 3 8 3 10 3 12
0 2 2 4 5 7 5 4 5 10 7 12
0 2 0 4 0 6 2 8 2 10 4 12
0 2 2 4 5 7 5 9 5 11 5 13 5 15 5 0 11 18 15 4
0 2 0 4 0 6 0 8 2 0 2 8 2 4 4 13 14 0
0 2 0 4 0 6 0 8 0 10 8 12
0 2 0 4 5 0 5 8 5 2 10 0 10 2
0 2 0 4 2 6 2 8
0 2 3 0 3 6 3 8 6 10 11 0
0 2 0 4 0 6 0 8 0 10 0 12
0 2 0 4 2 6
0 2 0 4 0 6 2 8 2 10 11 2
0 2
0 2 3 0 3 2 3 7 3 9
0 2 0 4 0 6 6 8
0 2 0 4 0 6
0 2 0 4 2 6 2 4
0 2 0 2 0 5 0 5 0 8 0 8 0 11 0 11 0 0 0 0 2 16 2 16 2 16 2 0 11 2
0 2
0 2 0 4 0 6 6 8
0 2 0 4 0 6 2 8
0 2 0 4 5 7
0 2 0 4 0 6 0 8 0 10 0 12 2 14
0 2 0 4 2 6 7 0
0 2 0 4 0 6 0 8 0 10 0 12 13 10 10 16 10 18 6 20 12 22
0 2 0 4 0 6 2 8 6 10
0 2 0 4
0 2 0 4
0 2 0 4 2 6
0 2 0 4 0 6
0 2 0 4 2 6
0 2 3 0 3 6
0 2
0 2 0 4 0 6 0 8 2 10 4 12 6 14
0 2 0 4 0 6 0 8 9 8
0 2 0 4 4 6 7 4
0 2 0 4 5 7 7 9 7 4 7 2
0 2 0 4 2 6 7 0
0 2 2 4
0 2 0 4 0 6 4 8 6 10 11 6
0 2 0 4 0 6 0 8 2 10
0 2 0 4 0 6 0 8 0 10 10 2 10 4 10 6 10 0 10 8 6 17 6 17
0 2 0 4
0 2 0 4 0 6 4 8
0 2 0 4 0 6 0 8 2 10 8 12
0 2 3 5 3 2 3 8
0 2 0 4 4 6 4 8
0 2 0 4 0 6 2 8 4 10 4 12
0 2 0 4 2 6
0 2 2 4 5 0 5 8 5 2 5 11 8 13 8 15
0 2 0 4
0 2 0 4 0 6 0 8 2 10 4 12 13 8 8 16 17 4 19 2 19 17
0 2 0 4 0 6 6 8
0 2 0 4 0 6 6 8
0 2 0 4 0 6 0 8 4 10
0 2 0 4 0 6 0 8 6 10
0 2 0 4 0 6 0 8 4 10 11 0
0 2 0 2 0 5 0 7 0 7 0 0 5 11
0 2 3 2 3 6 3 0 6 9
0 2 0 4 0 6 0 8 0 10 4 12
0 2
0 2 2 4
0 2 0 4 0 6 2 8
0 2 3 5 6 8 6 10 6 0 12 14 15 8
0 2 0 4 0 6 0 8
0 2
0 2 3 5 3 5 3 8 3 8 3 11 5 13 11 15 16 18
0 2
0 2 0 4 4 6
0 2 0 4 2 6
0 2 0 4
0 2
0 2 3 5 3 2 3 8 3 10 5 12
0 2 0 4 0 6 6 8
0 2 0 4
0 2 0 4 0 6 0 8 6 10 6 12
0 2 0 4 0 6 0 8 0 10 11 6
0 2 0 4 5 0 5 8 9 11 9 0 9 8
0 2 0 4 5 7 5 9 5 4 5 12 7 14 4 2 16 5 18 7
0 2 0 4
0 2
0 2 2 4 5 2 4 8 4 10
0 2 0 4 0 6 7 9 10 9 10 13 10 15 4 17
0 2 3 5 3 7 8 2 10 5 10 7 7 14 7 14
0 2 2 4 5 7 5 9 5 2 11 5
0 2 2 4
0 2 0 4 0 6 2 8 2 10
0 2 0 4 0 6 2 8 2 10
0 2
0 2 0 4 0 6 4 8
0 2
0 2 0 4 0 6 0 8 6 10
0 2 3 5 3 7 3 9 3 0 5 12
0 2 0 2 0 5 2 7
0 2 0 4 0 6 0 8 4 10 11 4
0 2 0 4 0 6
0 2 0 4 0 6 0 8 6 10
0 2
0 2
0 2 2 4 2 6 7 9 7 0
0 2 0 4 0 6 0 8 0 10 6 12 8 14
0 2
0 2 0 4 2 6 2 8
0 2 0 4 4 2 6 0
0 2 0 4 0 6 4 8
0 2 0 4 5 0
0 2
0 2 0 4 2 0 4 7 8 4
0 2 0 4 2 6 2 0 2 4 4 10 4 10 12 2
0 2 0 4 0 6 0 8 0 10 2 6 6 8 6 14 6 14 8 17 8 17
0 2 0 4 0 6 0 8 8 10
0 2 0 4 5 0
0 2 0 4 4 6
0 2 0 4 5 0
0 2 0 4 0 6 0 8 6 4 6 11 6 11 4 14 8 6
0 2 2 4
0 2 0 4 0 6
0 2
0 2 0 4 0 6 0 8 0 10 11 8 10 14
0 2
0 2 0 4
0 2 0 4 0 6 4 2 6 9
0 2 0 4 2 6 7 4
0 2 0 4 0 6 2 8 2 8 4 6 4 2 4 0
0 2 0 4 0 6 0 8
0 2 3 2 3 6 3 8 8 10
0 0 0 3
0 2 0 4 0 6 0 8 2 6 4 11 12 14
0 2 0 4
0 2 0 4 0 6
0 2 3 5 3 7 3 2 3 10 7 12 10 14
0 2 2 4
0 2 3 5 3 5 7 5 7 5 7 0 7 3
0 2 0 4
0 2 0 4 0 6
0 2 0 4 0 6 0 8 2 10
0 2 0 4 0 6 0 8 2 10 6 2
0 2 2 4 5 7 5 9 5 11 5 4 7 14 15 2 15 0
0 2 0 4 0 6 2 6 8 6 6 11 6 11
0 2 0 4 0 6 2 8 9 11 9 6
0 2 0 4 2 6
0 2 0 4 0 6 0 8 2 10
0 2 2 4 2 6
0 2 0 4
0 2 0 2 0 1 2 6 2 8 6 10 11 13 11 2 11 0 11 6 13 18
0 2 0 4 4 6
0 2 0 4 0 6 6 8
0 2 0 4 0 0 0 7 2 9 10 12
0 2 0 4 4 6
0 2 0 4 0 6 0 8 0 10 8 12
0 2 2 4 5 2 5 8 5 10
0 2 0 4 0 6 0 8 4 10
0 2 0 4 0 6 0 8 8 10
0 2 0 4 0 6 6 8
0 2 0 4 0 6 7 9
0 2 0 4 0 6 0 8 0 10
0 2 0 4 5 0 7 2 9 5
0 2 2 4
0 2 0 4 4 6
0 2 0 4 0 6 0 8 0 10 10 2 8 13
0 2 0 4
0 2 3 5 3 7 5 9 10 3 12 5
0 2 0 4 2 6 7 9
0 2 0 4 5 7 5 0
0 2
0 2 0 4 0 6 0 8 6 10 8 12
0 2 3 2
0 2 0 4 0 6 7 0
0 2 0 4 0 6
0 2 0 4 2 6
0 2 3 5 3 0
0 2 0 4 0 6 4 8
0 2 0 4 2 6 2 6 4 0 4 2
0 2 0 4
0 2 0 4 0 6 0 8 0 10 2 12 13 2 8 16
0 2 2 4 2 6 7 2 9 11
0 2
0 2 0 4 0 6 0 8 2 4 2 6 11 13
0 2 2 4 2 6
0 2 0 4 0 6 2 8 2 6 4 11 12 4 12 2
0 2 0 2 0 5 5 7 5 9 9 11 11 13
0 2 0 4 0 6 0 8 9 6
0 2 0 4 0 6 0 8 0 10 0 12 0 14 0 16 0 18 0 20 10 22 23 25 23 18 23 18 18 29 12 31 29 33 29 35
0 2 0 2
0 0
0 2 0 4 0 6 0 8 4 6
0 2 0 4 2 6
0 2 0 4 0 6 4 8 4 10
0 2 0 4 0 6 2 8
0 2 0 4 2 6
0 2 0 2 0 5 0 7 0 9 0 11 2 13 2 13 2 16 11 2 11 19 11 19 21 2 7 11 24 9
0 2 0 4 0 6 2 8
0 2 0 4 0 6 0 6 0 9 0 11 9 13 11 15
0 2 0 4 2 6 2 8 4 10
0 2 0 4 0 6 2 6 4 9
0 2 0 4 0 6 2 8 4 10
0 2 0 4 4 6
0 2 0 4 0 6 4 6
0 2 3 2
0 2 2 4 5 0 7 9 7 11 12 14 12 16 12 0 12 7
0 2 0 4 0 6 0 8 6 10 8 12 13 8
0 2 0 4 0 6 4 8
0 2
0 2 0 4 0 6 4 8 6 4 10 2
0 2 0 4 0 6 0 8 0 10 11 4 6 4
0 2 0 4 0 6 0 8 4 10 4 12
0 2 0 4 5 4 7 4 7 10 7 12
0 2 0 4 0 6 4 0 4 6 4 2 10 4
0 2 0 2
0 2 0 4 0 6 0 8 0 10 2 12 6 14
0 2 0 4
0 2 0 4 0 6 0 8 0 10 0 12 0 14 0 16 4 6 4 10 4 8 4 12 4 0 4 14 4 16 4 2 6 26 6 26 10 29 10 29 10 12 10 14 8 2 16 8 16 36 16 36 16 36 12 40 12 40 12 40 12 16
0 2 0 2 0 5 0 5 0 8 5 2 10 2 12 0
0 2 2 4 2 6 2 8 2 10 8 4 8 6 8 2
0 2 2 4 2 6 2 8 9 8 9 2 12 2 12 15
0 2 0 4 0 6 4 8
0 2 0 4
0 2 0 4 0 6 0 8 0 10 2 12 6 14 8 16 10 18
0 2 0 4 0 6 4 8 9 0 6 12
0 2 3 2 5 2
0 2 0 4 2 6 7 0 7 2
0 2 2 4 5 2 5 8 5 0
0 2 0 4 0 6 4 8 4 8 10 4 10 6
0 2 0 4 2 0 2 7 8 2 7 2
0 2 0 0 0 5 0 7 0 9 7 11
0 2 0 4
0 2 0 4 5 4
0 2 0 4
0 2 0 2 0 5 0 5 5 8 5 8
0 2 0 4 2 6
0 2 0 4 0 6 2 8 2 8 4 11
0 2 3 2 3 6
0 2 2 4
0 2
0 2
0 2 0 4 5 0 5 8
0 2 0 4 0 6 4 8
0 2 2 4
0 2 0 4 2 6
0 2 0 4 0 6 0 8 4 10 4 12 6 2 8 2
0 2 3 0 5 6 0 8 9 10 12 10 14
0 2 0 4 0 6 4 2 8 0
0 2 0 4 0 6 4 8 6 10
0 2 0 4 0 6
0 2
0 2 0 4 0 6 0 8 2 10 4 6 6 13
0 2 0 4 0 6 6 8
0 2 0 4
0 2 0 4 0 6 6 8
0 2 0 2 0 5 0 7 2 9 5 11 12 7
0 2 0 4 0 6
0 2 0 4 0 6
0 2 0 4 0 6
0 2 0 4 0 6 7 0
0 2 0 4 4 6
0 2 0 4
0 2 0 4 5 0 5 8
0 2 0 4 0 6
0 2 0 4 5 0
0 2 0 4 5 0 5 0 8 4
0 2 0 4 0 6 0 8 8 10
0 2 0 4 2 6
0 2 0 4 0 6 7 6
0 2 3 5 3 7 3 3 3 10 3 2 10 13
0 2 0 4 0 6 4 8 4 8 6 4 6 12
0 0 0 3 0 5 0 7 0 9 7 11
0 2 2 4
0 2 0 4 4 6
0 2 0 4 0 6
0 2 0 4 0 6 0 8 8 10
0 2 0 4 4 6
0 2 0 4 0 6 0 8 0 10 6 12
0 2 0 4 0 6 2 6 4 9
0 2
0 2 0 4 0 6
0 2 2 4
0 2 0 4 0 6
0 2 0 4 0 6 0 8 2 10 6 12
0 2 0 4 0 6 0 8 0 10 2 12 8 14
0 2
0 2 3 0
0 2 0 4 2 6
0 2 0 4 0 6 7 6
0 2 0 2 0 5 0 7 5 2 5 2
0 2 0 4 0 6 2 4 6 9
0 2 0 4
0 2 2 0
0 2 0 4
0 2 2 4 5 2
0 2 0 4 0 6 6 8
0 2 0 4 0 6 2 0 2 6 9 0
0 2 0 4 0 6 0 8 4 10 8 12
0 2 2 4 2 6 2 8 2 10 10 2 10 8
0 2
0 2 0 4 0 6
0 2 0 4 2 6
0 2 0 4 0 6 0 8 0 10 0 12 10 4 10 2 6 16
0 2 0 4 0 6 0 8 2 10 6 12
0 2
0 2 0 4 0 6 6 8
0 2 0 4
0 2 2 4
0 2 0 4 0 6 0 8 0 10 2 4 4 13 4 13 8 8 10 17 18 4
0 2 0 4 0 6 0 8 2 10 2 12
0 2 0 4 0 6 0 8 0 10 2 12 4 14 8 16
0 2 3 5 3 7 3 2 5 10
0 2 0 4 5 2 5 4
0 2 0 4 0 6 0 8 0 10 0 12 13 6 13 8 13 10 13 12 13 2 13 4 6 21 6 21 8 24 8 24 8 4 10 28 28 30
0 2 2 4
0 2 0 4 0 6 0 8
0 2 0 4 0 6 0 8 0 10 0 12 10 4 10 4 4 16 4 16 4 6 6 20
0 2 0 2
0 2 2 4 2 4 6 2 6 9 6 11 6 0 6 14 6 16 17 11 17 20 17 22 11 24 11 24
0 2 0 4 0 6 0 8 2 10
0 2
0 2 3 2
0 2 0 4 2 6 2 8 9 2
0 2 0 4 0 6 0 8 4 8 8 11 8 11 8 6 6 2
0 2 0 4 0 6 0 8 9 8 8 12
0 2 0 4 0 6 0 0 0 9 0 11 4 13 6 15
0 2 0 4 0 6 0 8 4 10 4 12
0 2 0 4 0 6 0 8 2 10 6 12 13 4
0 2 0 4 0 6 7 9 10 6
0 2 0 4
0 2 0 4
0 2 2 4
0 2 0 4 0 4 6 8 6 0 6 11 6 13 6 15 16 15 16 0 16 8
0 2 0 4 0 6
0 2 0 4 0 6 7 2
0 2 0 4 0 6 0 8 2 10
0 2 0 4 2 6
0 2 0 4 0 6 0 8 4 2
0 2
0 2 0 4
0 2 0 4 0 6 0 8
0 2 3 2 3 6
0 2 0 4 0 6 0 8 2 10 11 8
0 2 0 4 2 6 7 0 4 10
0 2 0 4 2 6
0 2 0 2 2 5 6 2 8
0 2
0 2 0 4 0 6 0 8 6 10
0 2 0 4 0 6
0 2
0 2 2 4
0 2 0 4 5 4 4 2 4 0
0 2 2 4 5 7 5 9 5 0 5 2 5 4
0 2
0 2 3 5 5 2
0 2 0 4 0 6 2 8 2 10 6 12 12 14
0 2 0 4 2 6
0 2 0 4 2 6
0 2 3 5 5 7 8 2 8 5 11 0
0 2 0 4 0 6 7 9 9 11 6 13 6 9 15 9 15 6
0 2 0 4
0 2 0 4
0 2 0 4 0 6 6 8 6 10 11 2
0 2 0 4 4 6
0 2 0 4 0 6
0 2 0 4
0 2
0 2 2 4
0 2 0 4 0 6 0 8 2 10 4 8 8 13 6 15
0 2 0 4 0 6 0 8 0 10 6 12 6 14 8 16
0 2 0 4
0 2 0 4 0 6
0 2 0 4 0 6 0 8 2 10
0 2 0 4 0 6 0 8 0 10 6 12 8 14 10 16
0 2 0 4 4 6
0 2 2 4 4 6
0 2 0 4 0 6
0 2 0 4 0 6 0 8 0 10 0 12 13 8 13 12 12 17 12 17 10 20
0 2 2 0 4 6
0 2 0 4 0 6
0 2 0 4 0 6 0 8 0 10 0 12 2 14 4 16 6 18 8 20 8 22 12 24
0 2 3 5 3 0 3 8
0 2 3 2 5 7 7 9
0 2 0 4 2 6
0 2 0 4 0 6 7 2
0 2 0 4 0 6 0 8 0 10 0 12 0 14 2 6 16 12 6 19 6 19
0 2 0 4 0 6 7 4
0 2 3 5 5 7 5 0 5 10
0 2 2 4
0 2 0 4 0 6 0 8 0 10 0 12 0 14 2 16 2 16 18 12 18 14 18 2 18 4 18 6 18 8 18 10 4 27 14 29 14 29 8 32 8 32 10 35 10 35
0 2 0 4 0 6
0 2 0 4 0 6 0 8 8 10
0 2 0 4 0 6 0 6 0 9 4 4 4 4 6 13 6 13 15 4 15 9 15 2 15 6 15 21
0 2 0 4 0 6 2 8 6 2 6 11 4 13
0 2 0 4 0 6 0 8 0 10 8 12
0 2 3 5
0 2 0 4 0 6 2 8 2 10
0 2 0 4 0 6 0 8 0 10
0 2 0 4 0 6 0 8 2 8 4 11
0 2 0 4 2 6
0 2 3 5 3 0 3 8
0 2 0 4 2 6 7 0
0 2 0 4 2 6 6 8
0 0
0 2 0 4 0 6 4 6
0 2 0 4
0 2 0 4 0 4 6 0 6 9 10 2 10 13 10 0 10 9 10 17 9 0
0 2 2 4 5 7 5 9 5 0 5 2 5 13 9 15 16 7
0 2 0 4 0 6 0 8 0 10 6 12 6 14
0 2
0 2 0 4 5 7 5 0
0 2 0 4 0 6 0 8 9 2 11 13 11 6 13 2 16 18 16 9 6 13 21 0 23 25
0 2
0 2 0 4 2 6 7 9 7 0
0 2 0 4 2 6 4 8
0 2 0 2 0 2 0 6 0 8
0 2 0 4 0 6 0 8 0 10 0 12 10 2
0 2 0 4 0 6 0 8 0 10 2 12 8 2
0 2 0 4 0 6 2 8 6 10
0 2 0 4 0 6 4 8 9 6 6 12
0 2 2 4
0 2
0 2 0 4 0 6 0 8 0 10 8 12
0 2 0 4 0 6 0 8 0 10 4 2 10 13
0 2 0 4
0 2 0 4 4 6 7 4
0 2 0 4 0 6 4 8
0 2 0 2 0 5 5 7
0 2 0 4 2 6 7 4
0 0 0 3 0 5 0 7
0 2 3 2
0 2 0 4 0 6 0 8 0 10 0 12 8 14 12 16
0 2
0 2 0 4 0 6 0 8
0 2 0 4
0 2 0 4 0 6 4 8
0 2
0 2 0 4 5 2 5 4
0 2 0 4 5 2 7 0
0 2 0 4 0 6 0 8 9 8 8 12
0 2 0 4 0 6
0 0 0 3 0 5 0 7 0 9 0 11 0 13 13 3 13 5
0 2 0 4 0 6 0 8 2 10
0 2 0 4
0 2 0 4 0 6 2 6 6 9 6 9
0 2 2 4 2 6
0 2 0 4 0 6 2 8 6 10 6 12 4 14
0 2
0 2 0 4 0 6 0 8 8 10
0 2 0 4 0 6 4 4
0 2 0 4 0 6 0 8 0 10 6 12
0 2 0 4 4 6 4 8
0 2
0 2 0 4 2 6 2 4 8 2 8 11 8 0
0 2 0 4 0 6 6 8
0 2
0 2 0 4
0 2 0 4 0 6 0 8 9 11 11 13 4 15 6 4 6 18
0 2 0 4 0 6 0 8 0 10 10 12
0 2 0 4 0 6 0 8 0 10 4 12 6 14 6 16 10 4 18 8 18 10
0 2 0 4 0 6 7 4
0 2 0 4 0 6
0 2 0 4 0 6 0 8 2 10 4 8 12 14
0 2 0 4 5 4
0 2 0 4 0 6 0 8 0 10 4 8 8 13 10 15
0 2 0 4 0 6 2 4 8 6
0 2 0 4
0 2
0 2 0 4 0 6 0 8
0 2 3 2 3 6
0 2 0 4 0 6 4 8
0 2 3 2 3 6 3 8
0 2 0 4 0 6 0 8 0 10 0 12 0 14 4 16 17 8 14 20
0 2 2 4 5 2 5 4 5 9 5 0 5 12 5 14 9 16 14 2
0 2 0 4 0 6 0 8 9 0 4 12 8 8
0 2 2 4
0 2 3 5 3 0 3 8 3 10 8 12
0 2 0 4 5 2
0 2 0 4 0 6 2 8
0 2 0 4 0 6
0 2 0 4 5 0 7 9
0 2 0 4 0 6 0 8 2 10 2 12 6 14
0 2 2 4
0 2 0 4 0 6 0 8 2 8 8 11
0 2 0 4
0 2 2 4 5 7 5 9 5 0 5 2 9 13
0 2 0 4 0 6 0 8 0 10 0 12 2 14 4 16 8 18 10 20 21 23 24 10 24 2
0 2 0 4 0 6 4 8 9 2
0 2 0 4 2 6
0 2
0 0 0 3 0 5
0 2 0 4 0 6 0 8 0 10 0 12 4 14 15 2
0 2 0 4 0 6 2 8 2 8 4 2 11 6 6 14
0 2 0 4
0 2 0 4 2 6
0 2 0 4 0 6 0 8 0 10
0 2 0 4
0 2 0 4
0 2 0 4
0 2 0 4
0 2 0 4 0 6 0 8 8 6
0 2 3 5
0 2 0 4 0 4 0 4 0 8 0 10
0 2 0 4 5 7 5 9
0 2 0 4 0 6 0 8 2 10 6 12 8 2
0 2 0 4 0 6 0 8 6 10 8 12 8 14
0 2
0 2 0 4 0 6 0 8 0 10 4 8 8 13
0 2 0 4 0 6 2 6 6 9 6 9
0 2 0 4 0 6
0 2 0 4
0 2 2 4 5 7 5 0 5 10 11 2 13 0
0 2 0 4 4 2
0 2 0 4 0 6 2 8
0 2
0 2 0 4 0 6 4 8
0 2 0 4 0 6 0 8
0 2 0 4 0 6 0 6 2 9
0 2 0 4 0 6 4 8
0 2 0 4 0 6 0 8 0 10 8 12 8 14
0 2 0 4 0 0 0 7 0 9 0 11 7 13
0 2 0 4 0 6 4 8 6 10
0 2 3 0 3 6 3 8 3 10 3 2
0 2 0 4 2 6 4 8 4 10
0 2 3 0
0 0 0 3 0 3 0 3 0 7 0 7 0 10 0 12
0 2 0 4
0 2 0 4 2 6
0 2 2 4 5 7 5 2 5 10 5 12 10 14 15 17 15 12
0 2 0 4 0 6 0 8 0 10 0 12 6 14 8 16 8 18
0 2 0 4 0 6 0 8 0 10 4 12
0 2 0 4
0 2 0 4 5 2 4 8
0 2 0 4 0 6 2 8 4 10
0 2 0 4 0 6 4 8 6 10
0 2 2 4 2 4 6 2 6 0 6 10 6 12
0 2 0 4 0 4 0 7
0 2 0 4 4 6
0 2 0 4 5 0 5 8 5 10 5 12 13 15 8 2 8 4 12 4 12 2
0 2 0 4 0 6 4 8 6 10
0 2 0 2 0 5 0 5
0 2 0 4 0 6 2 8
0 2 0 4
0 2
0 2 0 4 2 6
0 2
0 2 0 4 0 6 7 0
0 2 0 4 0 6 2 8 2 8 6 2
0 2 0 4 2 6
0 2 0 4 0 6 0 8 4 10
0 2 0 4 0 6
0 2 0 4 4 6 7 4
0 2 0 4 0 6 0 8 0 8
0 2
0 2 0 4 0 6 0 8 0 10 0 12 0 14 4 16 6 18
0 2 0 4 4 6
0 2 0 4 0 6 0 8 6 10
0 2 0 4
0 2
0 2 0 4 0 6 4 8
0 2 0 4 0 6 0 8 0 10 2 12 2 14 8 16 8 18 10 6
0 2 2 4
0 2 3 5 3 7 3 9 3 11 3 0
0 2 0 4 0 6
0 2 0 4 0 6 0 8 4 10 8 6 6 13 6 13
0 2 2 4
0 2 0 4 2 6
0 2 0 4 0 6
0 2 2 4
0 2 0 4 2 6 2 6 4 2 4 0
0 2 0 4 0 6
0 2 0 4 0 6 0 8
0 2 2 4 4 6 4 8 9 11 9 2
0 2 0 4 0 6 0 8 2 8 8 11 8 11 8 4 6 15 15 17 4 19
0 2 0 4 0 6 0 8 4 10 10 12
0 2 0 4 0 6 0 8 4 10 8 12
0 2 0 4 0 6 0 8 2 10 4 12 6 14
0 2 0 4 0 6 0 8 0 10 2 12 10 4 6 15 8 17
0 2 0 4 0 6
0 2 0 4 0 6 0 8 4 10
0 2 0 2 0 5 0 7 0 9
0 2 0 4 0 6 2 8 2 10 11 2
0 2 0 4 0 6 4 8
0 2 2 0 2 5
0 2 0 4
0 2 0 4 0 6 0 8 0 10 2 12 2 14 15 17 15 10 4 20 10 17
0 2
0 2 0 4
0 2 0 4 0 6 0 8
0 2 0 4 0 6 0 8 2 10 4 12 4 14 8 16
0 2 0 4 0 6 0 8 4 10
0 2 0 4 0 6
0 2 0 4 0 6 0 8 9 4
0 2 0 4
0 2 0 4 0 6
0 2 0 4 2 4 2 7 8 10 8 2
0 2 0 2 0 5 0 5 0 8 0 8 2 11 2 11
0 2 0 4 5 7 8 7 8 0 8 5
0 2 0 4 0 6 0 8 0 10
0 2 0 4
0 2 0 4 0 6 0 8
0 2 0 4 0 6 4 8 4 10
0 2 0 4 0 6 0 8
0 2 0 4 0 6 2 8 2 8 4 2 11 2
0 2 2 4 2 4 6 8 6 10 6 12 6 2 12 15
0 2 3 0
0 2 0 4 0 6 0 8 9 6
0 2 3 2
0 2 0 4 0 6 0 8 2 6
0 2 0 4 2 6
0 2 0 4 0 6 0 8 0 10 0 12 2 14 6 16 8 18
0 2 3 5 3 7 3 2 3 10 10 12
0 2 0 4 0 0 0 7 0 9 10 4
0 2 0 4
0 2 0 4 0 6 0 8 6 10
0 2 0 4 0 6 4 8 6 10
0 2 0 4 0 6 2 8 2 10 11 2
0 2 0 4 0 6 4 0 4 2 4 6
0 2 0 4 0 6 7 4 6 10
0 2 0 4 5 4 7 2
0 2 3 5 6 8 6 10 6 12
0 2 0 4 0 6 0 8 0 10 10 6
0 2 0 4 0 6 7 6 7 2 7 4 6 7 6 2 6 4 6 0 15 6
0 2 0 4 4 6
0 2 0 4 2 6
0 2 3 5 3 2
0 2 0 4 5 2
0 2 0 4 0 6 0 8 0 10 0 12 4 14 12 16
0 2 0 4 4 6
0 2 2 4 5 7 8 2 8 11 8 5
0 2 2 4 2 6 7 4
0 2 0 4
0 2 0 4 0 6 0 8
0 2 0 4 0 6 0 8 4 10 4 12
0 2 0 4 0 6 6 8
0 2
0 2 0 2 0 5 0 7
0 2 0 4 0 6 7 9 4 11
0 2 0 4 0 6 0 0 0 9 4 11 6 13 9 15
0 2 0 4 0 6 7 6
0 2 2 0
0 2
0 2
0 2 0 4 0 6 0 8 0 10 0 12
0 2 0 4 4 6
0 2 0 4 0 6 4 8
0 2 0 4 0 6 0 8
0 2 0 4 2 6
0 2 0 4 0 6 4 8
0 2 0 4 0 6
0 2 0 4 0 6 0 8 4 2 6 11
0 2 0 4 0 6 0 8 2 10 6 12
0 2 0 4 0 6
0 2 0 4 0 6 0 8 8 10
0 2 3 0 5 7 7 3
0 2 0 4 2 6
0 2 0 4 2 4 4 7 4 7
0 2 2 4 5 7 7 0
0 2 0 4 0 6
0 2 0 4
0 2 0 4 5 2 7 9 7 9 7 0 12 5
0 2 0 4 0 6 2 8 2 10
0 2 0 4 2 6
0 2 0 4 0 6 2 8
0 2 0 4 4 2
0 2 0 4 0 6 0 8 0 10 0 12 2 4 4 6 4 8 8 10
0 2 0 4 2 6 2 8 2 4 2 11 2 13 13 2 13 8 13 11 4 18
0 2 0 4 0 6 0 8
0 2 0 4 0 6 0 8
0 2 0 4 0 6 0 8 0 10 4 8 8 2 8 14 8 14 10 4
0 2 0 4 0 6 2 8 9 0
0 2 0 4 0 6 6 8 9 6
0 2 0 4 0 6 0 8 0 10 4 10 10 13 10 13
0 2 0 4 2 6 7 0
0 2 0 4 0 6
0 2 0 4 0 0 0 7 0 9 0 11 4 9 7 14 9 2
0 2 3 0 3 6
0 2 0 4
0 2 0 4 0 6 0 8 2 10 8 12
0 2 0 4 0 6 0 8 0 10 2 0 2 10 2 10 2 6 2 6 2 2 2 2 2 2 2 8 2 8 2 4 2 4
0 2 0 2 0 5 2 7 8 5 5 11
0 2
0 2 0 4 0 6 0 8 0 10 2 12 4 14
0 2 2 4 2 6 2 8 2 10 2 0 2 13 2 15 16 13 8 19 8 21
0 2 0 4 2 4 2 0
0 2 0 4 0 6 0 8 0 10 4 12 13 6 8 16
0 2 0 2 0 5 0 7 0 9 2 11 5 13 9 15
0 2 0 4 0 6 0 8 6 10
0 2 0 4 0 6 0 8 4 10 4 6 8 4
0 2 0 4 0 6 0 8 0 10 0 12 0 14 4 14 6 17 14 19 14 10 10 22 10 22 12 25 26 4
0 2 0 4
0 2 0 4 5 7 5 9 5 11 5 0 5 14 5 16 14 18 16 20
0 2 0 4 0 6 0 6 0 9 0 11 4 13 6 15 16 6
0 2 0 4 2 6 7 9 7 9 7 2 7 0 13 15
0 2 0 4 0 6 0 8 0 10 0 12 2 14 8 16 10 18
0 2 0 4 2 6 2 6 8 2 8 4
0 2 0 4 0 6 0 8 4 10 4 12 6 8 8 2
0 2 0 4 0 6 6 8
0 2 0 4 0 6 6 8 6 10 4 12 13 0 13 16
0 2 0 4 0 6 2 8
0 2 2 4 4 6
0 2 0 4 2 6
0 2 0 4
0 2 0 4 0 6 0 8 0 10 10 8 10 0 10 6 10 2 10 4 6 17 6 17 4 20 4 20
0 2
0 2 0 4 0 6
0 2 0 4 4 6
0 2 0 4
0 2 3 0
0 2 0 4 0 6 0 8 8 10
0 2 3 2 3 6 3 8
0 2 0 4
0 2 2 4 2 4 6 2 8 2
0 2 0 4 2 6 4 8
0 2 0 4 0 6 0 8 0 10 0 12
0 2 0 4 4 6 4 8 9 11
0 2
0 2 3 5 3 7 3 9 5 0
0 2 3 0 3 6 6 8
0 2 0 2 0 5 0 7 0 9
0 2 0 4 2 6 7 2
0 2 0 4 0 6 2 8 4 6 6 11
0 2
0 2 0 4 0 6 0 8 4 10 8 2
0 2
0 2 0 4 0 6 0 8 0 10 4 12 6 14 15 8
0 2 0 4 2 6 2 8
0 2 3 5 3 0 5 8
0 2 0 2 0 5 0 5 0 8 0 8 2 11 2 11 2 14 2 14 5 8 17 2
0 2 0 4 0 4 0 7 8 0
0 2 0 2 0 5 0 7 2 9 10 2
0 2 3 5 3 0 7 9 10 0
0 2 0 4 0 6 7 6 6 10 6 12
0 2 0 4 0 6 0 8 8 10
0 2 0 4 0 6
0 2 3 0 3 0 3 7 3 9
0 2 3 2 3 0 3 7
0 2 0 4 0 6
0 2 0 4 0 6 0 8 0 10 11 4 4 14 4 14 16 4 8 19
0 2 0 4 0 6 0 8 2 10 2 12 4 14 4 16 17 4
0 2 0 4 0 6 2 8
0 2 0 4 4 6 4 8 4 8
0 2 0 4 0 6 4 8
0 2 0 4 2 6 2 8
0 2 0 4 0 6
0 2 0 4 2 6 2 6 8 2
0 2 0 4 0 6 0 8 0 10 0 12 4 14 6 16
0 2 2 4 2 6 6 8 9 0
0 2 0 2
0 2 0 4 5 2 5 8
0 2 0 2 0 5 6 5
0 2 0 4 0 6
0 2 0 2 0 5 2 7
0 2 0 4 0 6 0 8 0 10
0 2 0 4 0 6 0 8 0 10 0 12 8 10 12 15
0 2 0 4
0 2 0 4 0 6 0 8 4 10
0 2 0 1 0 5 1 0 1 8 1 10 5 1
0 2 0 4 2 6
0 2
0 2 2 4 5 4
0 2 0 2 2 5
0 2 2 4 5 2
0 2 0 4 5 0
0 2 0 2 0 5 0 7 2 9
0 2 0 4 0 6 4 8 9 2 11 0
0 2 0 4 0 6 0 8 0 10 0 12 0 14 2 16 14 18 18 20
0 2 0 4 2 6 2 8 9 2
0 2 0 4
0 2 0 4
0 2 0 4 0 6 7 2
0 2 3 2 3 0 3 7 7 9
0 2 0 4 2 6
0 2 0 4 2 6
0 2 0 4
0 2 0 4 0 6 0 8 0 10 2 12 13 15 10 4
0 2 0 4 5 7 5 2 9 11 11 7
0 2 2 4
0 2 0 4 0 6 0 8 0 10 0 12 4 10 8 15
0 2 0 4 0 6 0 8 0 10 0 12 2 14 6 16 8 18
0 2 0 4 0 6 2 8
0 2 0 4 0 6 0 8 6 10 10 12
0 2 0 4 0 6
0 2 0 4 0 6 0 8 0 10 11 8
0 2 0 4 0 6 4 8
0 2 2 4
0 2 0 4 0 6 2 8 4 10 11 2
0 2 2 0 2 5
0 2 0 4 0 6 0 6
0 2
0 2 0 4 0 6 0 6 0 9 2 11 6 13 14 6
0 2 0 4 2 6
0 2 0 4
0 2
0 2 0 4 5 4
0 2 0 4 0 6 0 8 6 10
0 2 0 4 0 6 0 8 4 10
0 2 0 2 2 5 2 7 5 9
0 2 0 4
0 2 0 4
0 2 3 5 3 2
0 2 0 4 0 6 0 8 0 10 4 12 6 14 10 16 17 10
0 2 0 4 0 6 2 8 6 10
0 2 0 4 0 6 0 8 0 10 0 12 0 14 0 16 2 18 4 20 4 22 22 24 25 4 25 22 16 29
0 2 0 4 0 6 0 8
0 2 0 4 2 6
0 2 0 4 0 6 0 8 0 10 4 12 6 8
0 2 0 4 2 6 4 2
0 2 0 4 2 6
0 2 0 0 0 5 0 7 0 9 7 11
0 2 3 2 3 6 3 8 9 3
0 2 3 0 3 6 3 2
0 2 0 4 2 6 2 8
0 2 2 4 4 6
0 2 0 4 0 6 0 8 0 10 0 12 2 14 6 16 17 4 12 20
0 2 2 4 5 2 5 8 5 10
0 2 0 4 0 6 4 6
0 2 0 4 2 6
0 2 0 4 0 0 4 7
0 2 0 4 0 6 7 4 7 6 7 2
0 2 0 4 2 6 7 2
0 2 0 4 0 6 6 8
0 2 0 4 5 2 5 8 5 10 5 12 8 14 10 16
0 2 0 2 0 5 2 7 2 9
0 2 0 4 0 6 7 4 4 0 4 2 4 6 6 13 6 13
0 2 0 4 0 6 0 8 0 10
0 2 0 4 0 6 0 8 0 10
0 2 2 4 5 2
0 2 3 5 3 7 3 9 3 2 5 12
0 2
0 2 0 4
0 2 0 4 4 6
0 2 0 4 0 6 0 8 0 10 0 10 2 13 13 15 13 17
0 2 0 4 5 4
0 2 0 4 0 6 6 8
0 2 0 4 0 6 4 8 4 10 11 4
0 2 0 4
0 2 2 4
0 2 0 4 2 6
0 2 0 4 0 6 2 8
0 2 0 4
0 2 0 4 4 6
0 2 0 4 0 6 4 8
0 2 0 2 0 5 0 5 0 8 0 8 2 11 2 11 5 14 14 2 16 14 16 19
0 2
0 2 0 4 0 6 0 8 2 6 6 11 6 11 6 4
0 2 0 4 4 6 4 8
0 2 0 4
0 2 3 5 3 7 3 9 7 11
0 2 0 4 0 6 2 8 4 10 4 12 6 14
0 2 3 2 3 6 3 8 6 10
0 2 0 4 0 6 0 0 0 9 0 11 6 13 9 15
0 2 0 4 0 6 0 8 0 10 0 12 0 14 0 16 2 14 8 16 16 12 16 21 12 14 10 24 14 4 26 28 28 6
0 2 0 4 0 6 4 8
0 2 0 4 0 6 0 8 0 10 4 8
0 2 0 4 0 6 0 8 0 10 2 12 2 14 8 16 10 18
0 2 0 4 0 6 4 2 4 6 6 10 6 10
0 2 0 4 0 6 7 6
0 2 0 4 0 6 2 8 4 10
0 2 0 4 0 6 0 8
0 2 0 0 0 5 0 7 0 9 9 11
0 2 0 4 0 6 0 8 0 10 0 12 0 14 10 16 10 18 19 10 14 22
0 2
0 2 2 4 4 6 4 8
0 2 0 4 0 6 0 8 8 10
0 2 0 4 0 6 0 8 0 10 6 12
0 2
0 2 0 4 0 6
0 2 0 4 5 0
0 2 2 4 5 7 5 2 5 10 5 12
0 2 0 4
0 2 0 4
0 2 0 4 0 6 0 8
0 2 3 5 3 0
0 2 0 4 0 6 2 8
0 2 0 4
0 2 0 4 4 0 4 2 7 0
0 2 0 4 0 6 0 8 8 10 11 10 11 8
0 2 0 4
0 2 2 4 2 6 2 8 2 10
0 2 0 4 0 6 4 6 6 9
0 2 0 4 0 6 2 8
0 2
0 2 0 4
0 2 0 4 0 6 2 8 9 4
0 2 2 4 5 2 5 8 8 10
0 2 0 4 0 6 0 8 0 10 0 12 0 14 4 16 12 18
0 2 0 4 0 6 0 8 9 0
0 2 0 4 4 6
0 2 0 4 2 6
0 2 0 4 0 6 4 8 6 10
0 2 0 4 2 6 4 8
0 2 0 4 5 7 5 9 5 11 5 4 11 14 4 16
0 2 0 4 4 6
0 2 0 4 0 6 4 0 4 6
0 2 0 4
0 2 0 2
0 2 0 4 2 6 7 6 6 10
0 2 0 4
0 2 0 4 0 6 0 8 0 10 0 12 2 10 6 15 10 15
0 2 0 4 2 6
0 2 0 4 0 6 0 8 9 11
0 2 0 4 0 6
0 2 0 4 0 6 0 8 2 10
0 2 2 4 2 4 6 2
0 2 0 4
0 2 0 4 0 6 6 8 6 10 6 12 8 14
0 2 0 4 0 6 0 8 2 10 6 12
0 2 0 4
0 2
0 2 0 4 5 0 5 0 5 2
0 2 3 2
0 2 0 4 0 6 0 8 6 10 8 12
0 2 0 4 2 6 2 8 4 1 4 0
0 2 3 5 6
0 2 0 4 0 6
0 2 0 4 0 6 4 8
0 2 0 4 0 6 0 8 4 10 11 13 13 15
0 2 2 4 2 6 2 8 4 10
0 2 0 4 0 6 0 8 0 10 2 8 12 6 12 10 6 16 8 18
0 2 0 4 0 6 6 8
0 2 0 4
0 2 0 4
0 2 0 4 0 6 2 8
0 2 0 4 5 2
0 2 0 4 2 6 4 8
0 2 0 4 0 6 0 8 4 8
0 2 0 4 0 6 0 0 0 9 9 11
0 2 3 5 3 2 3 0
0 2 0 4 0 6 2 0 6 9 6 11 12 9
0 2 0 4 0 6 2 8 2 8 4 2
0 2 0 4 0 4 4 7
0 2 0 4 0 6 0 8
0 2 2 4 5 7 5 2 5 10 5 12 10 14
0 2 0 4 0 6 6 8
0 2 0 4 0 6
0 2 0 4 0 6
0 2 2 4 2 6 4 8
0 2 0 4 0 6 0 8 8 10
0 2 0 4 0 6 0 8
0 2 0 4 0 6 0 8 0 10 8 12 6 14
0 2
0 2 3 2 5 0
0 2 2 4
0 2
0 2 0 4 0 6 2 8 2 10 11 2
0 2 0 4 0 6 6 8 9 0
0 2 0 4 0 6 0 8 0 10 0 12 2 14 4 16 6 18
0 2 0 4 0 6 4 8
0 2
0 2 0 4 0 6 0 8 0 10 0 12 12 2
0 2 0 4 0 6 0 8 2 10 4 12 4 14 15 6
0 2 0 4 0 6
0 2 0 4
0 2 0 4 2 6 2 6 8 2 8 11 8 4 8 14 8 16 11 18 4 20 4 20
0 2 0 4 0 6 0 8 2 10
0 2 0 4
0 2 0 4 0 6 0 8
0 2 0 4 0 6 0 8 2 10 8 4 8 4 8 14 8 14 4 17 4 17 4 20 4 20 6 8
0 2 0 4 0 6 0 8 0 10 0 12 10 12 4 15 6 17 18 4
0 2 0 4 0 6
0 2 0 4 2 6 2 6 8 4 8 2
0 2 0 4 4 6 4 8
0 2
0 2 0 4
0 2 0 2 0 5 0 7 0 9 5 11
0 2 0 4 0 6 7 0
0 2 0 4 0 6 0 8 0 10 0 0 2 8 6 14
0 2 0 2 0 5 2 7 2 9 10 12 10 14 10 16 10 18 10 20 21 0 16 21 18 25
0 2 3 5 3 7 3 9 5 11 7 13 7 2
0 2 0 4 0 6
0 2 0 4 0 6 0 8 2 10 8 12
0 2 2 4 5 2 7 5 7 10 7 12 12 14 12 16
0 2 0 4
0 2 0 4 0 6
0 2 0 4 0 6
0 2 2 4
0 2 0 4 0 6 0 8 2 10 4 12 13 2 8 16
0 2 0 4 4 6
0 2 2 0
0 2
0 2
0 2 0 4 0 6 0 8 2 8 4 11 8 13
0 2 0 4 0 6 4 8 6 4
0 2 0 4 2 6 4 8
0 2 0 4 0 6 0 8 4 10 8 12
0 2 0 4 0 6 0 8 2 10 6 12 6 14
0 2 3 5 3 2 3 8 3 10
0 2 0 4
0 2 0 4 0 6 0 8 6 8
0 2 0 2 0 5 5 7
0 2
0 2 3 0 3 6 3 8 3 8 3 11 3 2 6 14 11 16
0 2 0 4 0 6 7 6
0 2 0 2 0 5 2 7 5 9
0 2 0 4
0 2 0 4 0 6 2 8 2 8 10 12 10 6 10 15 10 4 10 18 10 2 6 4 15 0 4 23 4 23
0 2 2 4 2 6 6 8
0 2 0 4 0 6 4 8
0 2 0 4 0 6 0 8 2 4 6 11
0 2 2 4
0 2 0 4 2 6 7 2 7 0
0 2 0 4
0 2 0 4 0 6 6 8
0 2 0 4 0 6
0 2 0 4 4 6
0 2 0 4 0 6 0 8 0 10 0 12 2 8 10 15 16 6
0 2 0 4 0 6 0 8 0 10 0 12 0 14 8 2 10 17 14 19
0 2 0 4 0 6 0 8 2 10 8 12
0 2 0 4 0 6 0 8 0 10 0 12 2 14 2 14 2 17 18 2 18 4 18 10 6 23 24 6
0 2
0 2 0 4
0 2 0 4 0 6 4 8
0 2 0 4 4 6
0 2 0 4 0 6 7 9
0 2 0 4 5 0 5 8 5 10 5 12
0 2 0 4 0 6 0 8 0 10 0 12 6 14 12 16
0 2 3 0 5 0 5 2
0 2 0 4 0 6 0 8
0 2 0 4 0 6 6 4
0 2 3 0
0 2 3 2 3 0 3 7
0 2 2 4
0 2 0 4 0 6 0 8 0 10 2 12 2 12 4 15 6 2
0 2 0 4 0 6 0 8 4 2 6 0
0 2 0 4 0 6
0 2 0 4 5 4 4 8 4 10 4 12
0 2
0 2 0 4 0 6 2 8 4 0
0 2 0 4 4 6
0 2 0 4 0 4 0 7 0 9 0 11 12 4 14 16
0 2 2 4
0 2 0 4 0 6 0 8 0 10 11 4
0 2 0 4 0 6 0 8 0 10 10 12
0 2 0 4 5 2 4 8
0 2
0 2 0 4 0 6 0 8 0 10 0 12 0 14 4 16 12 10
0 2 3 0
0 2
0 2 0 4 0 6 0 8 0 10 10 12
0 2 3 0
0 2
0 2 3 2 3 6 3 8
0 2 0 4
0 2 0 4 0 6 4 8 6 4
0 2 2 4 2 6 2 8 2 10 8 10 8 4 8 2 10 15 10 15 6 18
0 2 0 4 0 6 0 8 0 10 4 12 8 2 6 15 10 17
0 2 0 4 0 6 7 9 7 11 12 7 12 15 6 17
0 2
0 2 0 4 2 6 4 8 4 10 11 4
0 2 3 0 5 7 5 9 9 11
0 2 0 4 5 4
0 2 0 4 0 6 6 8 6 10 6 12 8 14 15 12 17 15
0 2 0 4 0 6 4 8 4 10
0 2 0 4 2 4 2 0
0 2 0 4 2 6
0 2 0 4 0 6 0 8 6 10 6 12
0 2 0 4 0 6 0 8
0 2 0 4 0 6 0 8 0 10 4 12
0 2 0 4 0 6
0 2 0 4 0 6 0 8 0 10 4 6 12 8
0 2 0 4 0 6 0 8 2 10 2 6 4 13 6 15 8 11 8 2 8 2
0 2 3 5 3 7 3 9 3 2 3 12
0 2
0 2 0 4 0 6 0 8 0 10 0 12
0 2 0 4 0 6 4 8
0 2 0 4 0 6 0 8 8 10 8 12
0 2 0 4 5 4 5 8 4 10
0 2 0 4 0 0 0 7 0 9 0 11 0 13 4 15 4 17
0 2 3 5 3 7 3 2
0 2 2 4 2 4 6 8 6 0 6 11 6 13 6 2 11 16 11 8 13 0
0 2 0 4 4 6
0 2 0 4 0 6 4 8
0 2 0 4 0 6 2 8 2 10
0 2 3 5 3 2
0 2 0 4 0 6 0 8 0 10 0 12 6 14 12 16
0 2 0 4 0 6 0 8
0 2 0 4 0 6 2 8 9 2
0 2 0 4 0 6 0 8 0 0 2 11 4 13
0 2 0 4 0 6 0 8 0 10
0 2 0 4 0 6 0 8 4 10 6 2
0 2
0 2 0 4 4 2 4 0
0 2 3 2
0 2 3 0
0 2
0 2 0 4 0 4 0 7 0 9 0 11 0 13 4 15 4 15 17 13 17 7 13 21 13 7
0 2 0 0 0 5 0 7 8 7
0 2 2 4 5 2 5 0
0 2 2 4 2 4 6 2 6 0
0 2 0 4 5 7
0 2 0 4 5 2
0 2 0 4 0 6
0 2 0 4 0 6 0 8 6 10 6 12
0 2 0 4 0 6 0 8 0 10 0 12 0 14 6 16 17 19 12 19 12 22
0 2 0 4 0 6 2 8 6 10
0 2
0 2 0 4 0 6 6 8
0 2 0 4 0 6 6 8
0 2 0 4 0 6 0 8 2 4 4 11 6 13 8 15 8 17
0 2 0 4 2 6 4 8
0 2 0 4 0 6
0 2 0 4
0 2 0 4 0 6 6 8
0 2 0 2 0 5
0 2 0 4 2 6 2 6 8 2 8 4
0 2 0 4 0 6 0 8 2 10
0 2
0 2 0 4 0 6 0 8 0 10 0 12
0 2 0 4 0 6 0 8 0 10 4 12 8 14 10 16
0 2 0 4 0 6 0 8 2 10
0 2 0 4 0 6 2 6 8 0
0 2 0 4 0 6 0 8 4 10 4 10
0 2 0 4 0 6 7 6 7 0 6 11
0 2 0 4 4 6
0 2 0 4 4 6 4 8
0 2 0 4 0 6 2 8
0 2 0 4
0 2 0 4 2 6
0 2 0 4 2 6
0 2 0 4 2 6
0 2 3 0
0 2 0 4 0 6 7 9 10 12 10 14 12 16 6 0 6 4 4 6 4 21 4 0 4 12 21 25 21 9
0 2 2 4 5 7 5 9 5 11 5 13 5 15 7 17 7 2 11 20
0 2 0 4 4 6
0 2 0 4 0 6 0 8 0 10 4 12 6 14 6 16 8 18
0 2 0 4 0 6 0 8
0 2 0 4 0 6 0 8 2 6 10 0
0 2 0 4 0 4 0 7 4 9 7 11
0 2 0 4 0 6 2 8
0 2 2 4
0 2
0 2 2 4
0 2 0 4 0 6 7 6 6 10 11 7 13 6
0 2 0 4 0 6 7 2
0 2 0 4 2 6
0 2 0 4 0 6 2 8 9 11 9 2 9 0 9 6 11 16 6 18 6 18
0 2 0 2
0 2 0 2 0 5 2 7 2 7
0 2 0 4 0 6 0 8 0 10 0 12 13 10 10 16 8 18 12 20
0 2 3 0 3 6 6 8
0 2 0 4 0 6 0 8 0 10 4 12
0 2 0 4 2 6 2 8
0 2 0 4 0 6 0 8 0 10 4 12 6 14 6 16 17 0
0 2 3 2
0 0 0 3 0 5 0 7 5 9
0 2 0 4 0 6 0 0 0 9 0 11 11 13
0 2 0 4 0 6 0 8 2 10 4 12
0 2 3 0 5 2
0 2 3 5 3 7 3 9
0 2 0 4 2 6
0 2 0 4 2 6 7 2
0 2 0 4 4 6
0 2 0 4 0 6 0 8 0 10 0 12 12 14
0 2 0 4 0 6
0 2 0 4 0 6 0 8 0 10
0 2 0 4 2 6 7 0 7 10
0 2 0 4 0 6 0 8 0 10 0 12 10 2 10 15 6 17
0 2 2 4
0 2 0 4 0 6 6 4
0 2 0 4 0 6 0 8 2 10
0 2 0 4 0 6
0 2 0 4 0 6 0 8 0 10 2 12 10 14
0 2 0 4 5 7
0 2 0 4 0 6 4 8 6 10
0 2 0 4 0 6
0 2 0 4 0 6 4 2 6 2
0 2 0 4 5 0 5 8 5 10 5 2
0 2 2 4 2 6 7 9 7 2 6 7 4 13
0 2 0 4 0 6 6 8
0 2 2 4
0 2 0 4 0 6 2 8 9 11
0 2 0 4 0 6 2 8 2 10 4 12 6 14 15 2
0 2 0 4
0 2 0 4 0 6 6 8 6 10
0 2 0 4 0 6
0 2 0 4 0 6
0 2 3 5
0 2 3 5 5 7
0 2 3 5
0 2 3 2
0 2 3 0 3 6 6 8
0 2 0 4
0 2 0 4 0 6 0 8 4 10 8 12
0 2 0 4 2 6 2 8 9 4 4 12 8 14
0 2 3 0
0 2 0 4 0 6 0 8 2 10 2 6 4 13 6 15
0 2 0 4 0 6 0 8 4 10 8 12
0 2 0 4 0 6 0 8 4 8 8 11 8 11 6 4
0 2 0 4 0 6
0 2 0 4
0 2 0 4 0 6 0 8 2 10 11 4 8 14
0 2 0 4 0 4 0 7 0 9
0 2 0 4 0 6 2 8 4 6
0 2 0 4 0 6 0 8 0 10 8 12
0 2 0 4 0 6 0 8 0 10 2 10 4 6 6 14 8 16
0 2 0 4 2 6 7 2 9 4
0 2 0 4 0 6 0 8 9 2 6 12 13 4
0 2 0 4 0 6 6 4
0 2 0 4 5 7 5 4 5 10 5 12
0 2 0 4 0 6 0 8 0 10 8 12
0 2 0 4 0 6
0 0 0 3 3 5
0 2 0 4 0 6 4 8
0 2 3 5 3 0
0 2
0 2 0 4 0 6 2 8 6 10
0 2 0 4 0 6
0 2
0 2 0 4 0 6 2 8
0 2 0 4 0 6 2 8 9 11 9 6 11 6
0 2 0 4 0 6 0 8 9 4 6 12 8 14
0 2
0 2 3 5 3 2
0 2 0 4 0 6 2 8 4 2 6 11
0 2 0 4
0 2 0 4 0 6 0 8
0 2 0 4 0 6 0 8 4 10 6 12 8 14
0 2 0 4 0 6 2 8
0 2 0 4 0 6 0 8 6 10 6 12
0 2 0 4 0 6 0 8 0 10 10 12 10 14
0 2 3 0
0 2 0 4
0 2
0 2 0 4 0 6
0 2
0 2 0 4 5 4
0 2 0 4 0 6 0 8 4 10
0 2
0 2 0 4
0 2 0 4 0 6 4 8 4 10 6 12
0 2
0 2 0 4 0 6 2 8 2 8 2 6 11 2 11 4 4 15 16 18
0 2 0 4 0 6 0 8 0 10 8 12 10 14
0 2 0 4 0 6
0 2 0 4 0 6 0 8 2 0 2 4 2 6 2 13 2 8 8 6 6 17 6 17 6 17 6 4 21 0 23 13
0 2 3 5 3 2
0 2 0 4 0 6 6 8
0 2 0 4 2 6 4 0
0 2 0 4
0 2 0 4 0 6 0 8 0 10 8 4 12 8
0 2 3 0 3 6 7 2
0 2 0 4 0 6 0 8 0 10 6 12 8 14 8 10 10 2
0 2 0 4 0 6 2 8
0 2 0 4 0 6 0 8 0 10 2 6 6 13 6 13 8 16
0 2 0 4 0 6 2 8
0 2 0 4 5 7 5 0 7 10
0 2 0 4 0 6 0 8 0 10 10 12 13 6
0 2 0 4 0 6 0 8
0 2 0 2
0 2 0 4 0 6 0 8 8 10
0 2 0 4 0 6 0 8 0 10 2 10 8 6 6 14 6 14 6 14 4 6
0 2 2 4
0 2 0 4 5 7 8 2
0 2 0 4 0 6 0 8 0 10 0 12 0 14 6 16 14 18
0 2 0 4 0 4 6 8 6 0 8 6 8 0
0 2 0 4
0 2
0 2 0 4 0 6 4 8
0 2 0 4 0 6 7 2 4 10
0 2 0 4 0 6 7 0 7 2 7 11
0 2
0 2 0 4 4 6
0 2 0 4
0 2 2 4
0 2 0 4 4 6
0 2 0 4 0 6 4 8
0 2 0 4 0 6 0 8 2 10 4 12 13 2
0 2 2 4 5 4 5 2 5 0
0 0 0 3 0 5
0 2 3 5
0 2 0 4
0 2 0 4
0 2
0 2 0 4 0 6 0 8 6 10
0 2 0 4
0 2 0 4 0 4 0 7 0 9 0 11 12 14 15 4
0 2
0 2
0 2 2 0
0 2 0 4 0 6 6 4
0 2 0 4
0 2
0 2 3 5 6 5 6 0 6 2
0 2 0 4 0 6
0 2 0 4 0 6 0 8
0 2 0 4 0 4 0 7 0 9 0 11 4 13 9 15 9 17
0 2 0 4 0 6 0 8 0 10 10 8 8 13
0 2
0 2 0 4 0 6
0 2 0 4 0 6 2 8 6 10
0 2 0 4 4 6
0 2 0 4 2 6
0 2 0 4
0 2 0 4 0 6 0 8 0 10 8 12 10 14
0 2 0 4 5 4 5 0 8 4 8 11
0 2 0 4 0 6 0 8 0 10 4 12
0 2 0 2 0 5 0 7 0 9 2 11 9 13 9 15
0 2 0 4 0 6 2 8 6 10
0 2 0 4 0 6 2 8 9 6 6 12 6 12 4 6
0 2 3 2
0 2 0 4 0 6 0 8 6 10 8 12
0 2 0 2 0 5 0 7 0 9 2 11 12 14 9 16
0 2 0 4 5 0 4 8
0 2 0 4 0 6 0 8 0 10 2 12
0 2 0 4 0 6 2 4 2 6 4 10 4 10 6 13 6 13
0 2 2 4
0 2
0 2 0 4 0 6 0 8 6 2 6 8 4 12 8 14
0 2 0 4 0 6
0 2 0 4 5 4 4 8
0 2
0 2 2 4 2 4 6 2 6 0
0 2 0 4 0 6 2 8 6 10
0 2
0 2 0 4
0 2 0 4 2 6
0 2 0 4 0 6 0 8 8 6 6 4
0 2 0 4
0 2 0 4 0 6 2 8
0 2 0 4 0 6 0 8
0 2 0 4 0 6 0 8 0 10 0 12 0 14 0 16 6 18 16 20
0 2 0 4 0 6 2 8 4 10
0 2 3 0 3 6
0 2 0 4
0 2 0 4 4 6
0 2 0 4 0 6 0 8 6 10
0 2 0 4 0 6 2 8
0 2 0 4 0 6 0 8 6 2
0 2 0 4 4 6
0 2
0 2 0 4 0 6 0 8 0 10 0 12 0 14 2 16 17 4
0 2 0 4 2 3 2 0
0 2
0 2 0 4 0 6 2 8 2 10 11 4 4 14
0 2 0 4 5 2 5 4 4 9 4 9
0 2 0 4 0 6 0 8 0 10 11 8 11 6 11 4 10 16
0 2 0 4 2 6 4 8
0 2 3 5 3 0 5 8
0 2 0 4 0 6 0 8
0 2
0 2 0 4 0 6 0 8 0 10 0 12 0 14 2 16 2 18 6 20 10 22 12 10 14 25
0 2 0 4 5 7
0 2
0 2 0 4 0 6 6 8
0 2 0 4 2 6 4 8
0 2 0 4 4 6 4 8
0 2 0 4 0 6 0 8 9 11 8 13 8 15 13 17 6 19 20 0
0 2 0 4 0 6 0 8 0 10 0 12 2 14 4 16 8 10 10 19 10 19 21 10
0 2 0 4 2 6 2 8 9 11 9 0
0 2 0 4 4 6 4 8 9 11 12 2
0 2
0 2 0 4 0 6 6 4 6 2 9 11 9 13
0 2 0 4 0 6 0 8 0 10 4 10 8 4
0 2 0 4 2 6 2 6 4 9 4 9 11 2 11 4
0 2 0 4
0 2 0 4
0 2 0 4 0 6 0 8 0 10
0 2 3 0 3 2
0 2 0 2 0 5 6 2 6 0
0 2 0 4 0 6 0 8 0 10 0 12 2 14 8 16 10 12 10 19 10 2 10 6 12 23 12 23
0 2 0 4 2 6
0 2 0 4
0 2 0 4 0 6 0 8
0 2
0 2 0 4 0 6 2 8 4 10
0 2 0 4
0 2 0 4 0 6 0 8 4 10
0 2 3 5 3 7 3 2 3 10 5 12
0 2 0 4 4 6
0 2 0 4 0 6
0 2 0 2 0 5 0 7 0 7 0 10
0 2 0 4
0 2 0 4 0 4 6 0 8 2 8 0 8 6
0 2
0 2 0 4 0 6 0 8
0 2 0 4 0 6 0 8 0 10 6 12 13 6
0 2 0 4 0 6 2 8 4 10
0 2 0 4 0 6 4 8 6 10
0 2 3 2 5 7
0 2 3 0 3 6 6 8
0 2 0 4 0 6
0 2 0 4 0 6 4 8
0 2 0 4 0 6 0 8 0 10 0 12 2 4 12 6 12 2 16 4
0 2 0 4 0 6 2 8 2 8 4 11 6 2 6 4
0 2 0 4
0 2 0 2 0 5 0 5 0 0 2 9
0 2 0 2 2 5
0 2
0 2 0 4 0 6 0 8 0 10 4 12 8 14
0 2 3 5 3 2 3 0
0 2
0 2
0 2 0 2 0 5 0 7 0 9 0 11 12 2 12 2 12 5 12 7 12 9 12 11
0 2 2 4
0 2 0 4 0 6 2 8 2 8 6 2
0 2 0 4 0 6 2 8 4 10 6 12
0 2
0 2 0 4 0 6 0 8 2 10 2 10 2 8 6 4 4 15 4 15 4 2 8 19 8 19
0 2 0 4 0 6 0 8 0 10 0 12 0 14 2 16 2 18 4 20 14 22
0 2 0 4
0 2 2 4
0 2 0 4 5 4 7 2
0 2
0 2 0 4 0 6 7 2 9
0 2 2 4
0 2 0 4 4 6
0 2 0 4 0 6 0 8 0 10 0 12 2 14 2 14 4 17 6 19 6 2 6 8 6 4 12 24
0 2 2 0
0 2 0 4 0 6 0 8 2 10 2 12
0 2 0 4 0 6 2 8
0 2 0 4 0 6 0 8 0 10 0 12 10 14
0 2 0 2 0 0 0 6 6 8 6 10
0 2 0 4 0 6 0 8 0 10 8 12
0 2 0 4 5 2 5 8 5 10 5 4 8 13 8 15 4 17
0 2
0 2 0 4 0 6 4 0 4 2 6 0 6 2
0 2 0 4 0 6 6 8
0 2 0 4 0 6 0 8 6 10 8 12
0 2 0 4 0 6 0 8 2 10 6 8 12 4
0 2 0 4 2 6
0 2 0 4 0 6 2 8
0 2 3 5 3 7 3 9 3 11 3 0 5 14 11 5 16 18
0 2 0 4 0 6 0 8 6 10 6 12
0 2 0 4
0 2 0 4 5 2
0 2 0 4 0 6 0 8 9 4 6 12
0 2 0 4
0 2 0 4 0 6 0 8
0 2 0 2 0 5
0 2 0 4 0 6 0 8 0 10 0 12 10 14 14 16 17 4 6 20 21 10 21 14
0 2 0 4 4 6
0 2
0 2 0 4
0 2 0 4 5 7 5 4
0 2 0 4
0 2
0 2
0 2
0 2 0 4 0 6 0 8 0 10
0 2 0 4 5 0 5 8
0 2 0 4 0 6 0 8 0 10 2 10 6 13
0 2 0 4 0 6 0 8
0 2 0 4 0 6
0 2 0 4 0 6 0 8 2 10 2 10 6 8 8 14 8 2
0 2 2 4 2 6 4 8
0 2 0 4 0 6 4 6 6 9
0 2 0 4 0 6 2 4 4 9 4 9
0 2 0 4 0 6 7 2 7 4 7 6 6 12 6 12
0 2 0 4 0 6 0 8 9 0
0 2 0 4 0 6 0 8 0 10 0 12 2 14 4 16 10 2 8 19
0 2 0 4 2 6
0 0 0 3 0 5 6 3
0 2 0 4 0 6 0 8 4 10 4 12 13 4
0 2 0 2 0 5 0 5 0 8 0 8 0 11 0 11 0 14 15 14 15 8 15 2 15 5 15 11 8 22 8 22 8 22
0 2 0 4 0 6 0 8 0 10 2 12 10 14
0 2 0 4 0 6
0 2 3 0 3 2 3 7 3 9 7 0
0 2 0 4 0 6 0 8 4 10
0 2 0 4 5 4 5 2
0 0 0 3 0 5 3 7 3 9
0 2
0 2
0 2
0 2 0 4 2 6 6 8
0 2 2 4 4 6
0 2
0 2 0 4 0 6 0 8 2 10 4 12 8 14 15 2
0 2 0 4 0 4 0 7 0 9 2 11 4 13 14 2 14 17 9 19
0 2 0 4
0 2 0 4 0 6 0 8 4 10
0 2 0 4 5 7
0 2 3 5 3 2
0 2 0 4 0 6 7 0
0 2 2 4
0 2 0 4 0 6 4 6
0 2 0 4 0 6 0 8 0 10 2 12 4 14 6 16 17 4
0 2 0 4 2 6 7 9 9 11 9 0 13 7
0 2 3 0 5 0
0 2 0 4 4 6
0 2 0 4 0 6 0 8 0 10
0 2 2 4
0 2 0 4 0 6 0 8 0 10 4 10 10 13 14 2
0 2 0 4 0 6
0 2 2 4 5 2 5 0 5 4
0 2 0 4 5 4 5 0
0 2 0 4 0 6 2 8 6 10
0 2 3 5 3 7 3 0 5 10 5 10 7 5 7 0 7 3
0 2 0 4 5 2
0 2
0 2 0 4 2 6
0 2 0 4
0 2 0 4 0 6 0 8 2 10 4 12
0 2 0 4 5 7
0 2 0 4 0 6 2 4 4 9 4 9 6 12
0 2 0 4 0 6 2 8
0 2 0 4 5 4
0 2 2 4
0 2 0 4 0 6 0 8 0 10 2 6
0 2 0 4 0 6 4 8
0 2 0 4 2 6 2 8 9 2 4 12
0 2
0 2 0 4 4 6
0 2 0 4 0 6 0 8 2 10
0 2 0 4 5 4
0 2 3 2 3 6 6 2
0 2
0 2 0 4 0 6 0 8
0 2 0 4 0 6 7 6 6 4
0 2 0 4 0 6 6 8
0 2 0 4 0 6 0 8
0 2 0 4 0 6 4 8
0 2 0 0 0 5 0 7 2 9 7 11
0 2
0 2 0 4 2 6
0 2 0 4 2 6 7 0
0 2 2 4 2 6 7 2
0 2 0 4 0 6 6 8
0 0 0 3 4 3 3 7
0 2 0 4 0 6
0 2
0 2 0 4 0 6 4 8 9 6
0 2 0 4 0 6 0 8 4 10 6 12 8 14
0 2 0 4 0 6 6 8
0 2 2 4 2 6 4 8
0 2 0 4 0 6
0 2 0 4 2 6 2 8
0 2
0 2 0 4 0 6 6 8 4 10
0 2 0 4 0 4 0 7 0 9 2 11
0 2 0 4 0 6
0 2 0 4 0 6 0 8 0 10 10 12
0 2 2 4
0 2 0 4 5 4
0 2 0 4 2 6
0 2 0 4 0 6 2 8 2 10 6 12
0 2 3 2 3 0 3 7 7 0
0 2
0 2 0 4 0 6
0 2 0 4 5 0 5 8 5 10 5 12
0 2 0 4 2 6 7 9 7 0 7 12 7 14 14 16
0 2 0 4 0 6 4 8 4 8 6 4
0 2 0 4 0 6 0 8 0 10 0 12 0 14 0 16 8 6 10 19
0 2 0 4 0 6 0 8 0 10 4 12
0 2 0 4 4 6 7 2
0 2 0 4 0 6 0 8
0 2 0 4 0 6 4 8
0 2 0 4 0 6 2 8 4 6
0 2 0 4 0 6 0 8
0 2 0 4 0 6 0 8 8 10
0 2
0 2 0 4
0 2 3 0
0 2 0 4 0 6 2 8 4 2 6 11
0 2 0 2 2 5
0 2 0 4
0 2
0 2
0 2 0 4 2 6 4 8
0 2 0 4 2 6
0 2 0 4 0 6 4 8
0 2 0 4 0 6
0 2 2 4 5 4 5 8 5 10 8 12
0 2 0 4 0 6 4 8
0 2 0 4 0 6 0 8 0 10 0 12 0 14 2 16 2 16 2 10 4 20 4 2 6 23 10 25
0 2 0 4 0 6 7 2 9 6
0 2 3 0
0 2 0 4 0 6 0 8 0 10 0 12 2 14 14 12 6 17 12 19
0 2 3 0 3 6 6 8
0 2 0 4
0 2 0 4 4 6
0 2 0 4 0 6
0 2 0 4 0 6 0 8
0 2 0 4 0 6 0 8 0 8 2 11 6 13
0 2
0 2 0 4 0 6 2 8
0 2 0 4 0 6 0 8 2 10 2 12 12 14
0 2 0 4 0 6 2 8 9 11 9 6 4 14 6 16 6 11 18 4
0 2 3 5 3 2 3 8 3 10 8 12
0 2 0 4 0 6 0 8 9 2
0 2 0 4 0 6
0 2 0 4 0 6 0 8 0 10 2 12 10 14
0 2 0 4 0 6 0 8 4 10 8 12
0 2 0 4 0 6 0 8 6 10
0 2 0 4 0 6 6 8
0 2 0 4
0 2 0 4
0 2 0 4 0 6
0 2 0 4
0 2 0 4 0 6
0 2 0 4 0 6 0 8 2 10 11 13
0 2 0 4
0 2 0 4
0 2 0 4
0 2 0 4 0 6 0 8 6 10
0 2 0 4
0 2 0 4 5 5 7 0 7 10
0 2
0 2 0 4 0 6 0 8 0 10 0 12 2 14 4 16 4 18
0 2 3 2 3 6 3 0 3 9 10 3
0 2 0 4 0 6 0 8 8 10
0 2 0 4 2 6 2 6 4 2
0 2 0 0 0 5 0 7 0 9 2 11 12 7 7 15 16 9
0 2 0 2 2 5
0 2 0 4 0 6 0 8 2 10 8 12
0 2
0 2 0 4 0 6
0 2 0 4 0 6 0 0 0 9 0 11 0 13 13 15
0 2 2 0 4 0
0 2 0 4 0 6 4 8 6 10
0 2 0 4 0 6 2 8 4 10
0 2 0 4 0 6 0 8 8 10
0 2 0 4 0 6
0 2 0 4 0 6 0 8 2 10 8 12
0 2 2 4
0 2 0 4 2 6
0 2 0 4 0 6 6 8
0 2 0 4 0 6 0 8 4 10 4 8 8 13 8 13 6 4
0 2 0 4 0 6 0 8 0 10 0 12 6 14
0 2 0 4 0 6 4 6
0 2
0 2 2 4
0 2 0 4 2 0 2 4 7 0 4 10 4 10
0 2
0 2 0 4
0 2 3 5 3 0
0 2
0 2 0 4
0 2 0 4 0 6 0 8 0 10 2 4 12 0 8 15
0 2 0 4 0 6 0 8 0 10 0 12 6 4 12 15
0 2 0 4
0 2 0 4 4 6
0 2 0 4 0 6 4 8 4 10
0 2 0 4
0 2 0 4 0 6 0 8 0 10 11 10 13 11
0 2 0 4 0 6
0 2 2 4 2 6 7 2 7 10
0 2 0 4 2 6
0 2 0 4
0 2 0 4 0 6 2 8 6 10
0 0 0 3 0 5 3 7 5 9
0 2 0 4 0 6 4 8
0 2 0 4 0 6 2 6 6 9 6 9
0 2 0 4 0 6 0 8 2 4
0 2 0 4 5 2
0 2 0 4 5 4
0 2 0 4 4 6
0 2 0 4 0 6
0 2 0 4 5 4
0 2 0 4 0 6 0 8 0 10 4 12 10 6 6 15 8 17 18 8
0 2
0 2 0 4 0 6 0 8 6 2 6 4 6 8 6 0
0 2 0 4 0 6 4 8 4 8 10 2 10 4 10 6
0 2 2 4 5 2 5 8 8 10
0 2 0 4 0 6 2 8 6 10
0 2
0 2 0 4 2 6 4 8
0 2 0 4 0 6 0 8 0 10 2 6 2 4 4 14 4 14 4 14 17 19 20 2 20 4 20 6 20 8 20 10 26 4 8 29 8 29
0 2 0 4 0 6 0 8 0 10 0 12 0 14 0 16 6 18 8 20
0 2 0 4 0 6 0 8 0 10 2 12 2 14 4 8 10 17
0 2 0 4 2 6 4 8 4 10
0 2 0 4
0 2 0 4 0 6 0 8 6 10
0 2 3 5 3 2
0 2 0 4 0 6 4 8
0 2 0 4 0 6 6 8
0 2 0 4 0 6 2 8 2 10 6 8
0 2 0 4 5 0 5 2 8 10 8 12 8 0 8 15 10 17 18 8
0 2 0 4 0 6 4 6
0 2 0 4
0 2 0 4 0 6 0 8 9 8 8 12 8 14 6 16 6 18
0 2 0 4 0 6 0 8 0 10 0 12 13 0
0 2 0 4 0 6 0 8 4 10 6 12 10 14
0 2 0 2 0 5 0 5 0 8 0 10 0 10 0 13 2 10 5 10 8 17 8 13
0 2 0 4 2 6 4 8
0 2 2 4
0 0 0 3 0 5 0 7
0 2 0 4 0 6 6 8 6 10
0 2 0 4
0 2 3 5 3 2 3 8 3 10 3 12 3 14 8 16 12 14
0 2 0 4 0 6 0 8 0 10 11 13 11 4 11 10 11 8 8 18 8 18 10 18
0 2 0 4 4 6
0 2 0 4 0 6 0 8 2 10 6 12
0 2 0 4 0 6
0 2
0 2
0 2 0 4 2 6
0 2 0 4 0 6 0 8 2 10 4 12 4 6 4 2 6 16 6 16 8 19
0 2 0 4 0 6 0 8 2 10 4 12 4 14 14 16
0 2 0 4
0 2 0 4 0 6 2 8 9 6 6 12
0 2 0 4 0 6 2 4 4 9 4 9 4 6
0 2 0 4 0 6 4 8
0 2 0 4 0 6 4 8 4 10 11 4
0 2 0 4 0 6 2 8
0 2 0 4 0 6 2 4 6 9
0 2
0 2 0 4 0 6 4 8
0 2 0 4 0 6 4 8
0 2 0 4 0 6 4 8
0 2 0 4
0 2 0 2
0 2 0 4
0 2 0 4 0 6 2 6 4 9 4 11
0 2 0 4
0 2 0 4 0 6 0 8 0 10 2 4 4 13 4 13 15 4 8 18
0 2 0 4 0 6 2 8 9 2
0 2 0 4 0 6 0 8 0 10 11 6
0 2 0 4 0 6 2 8 9 6
0 2 0 4 0 6 7 2 7 4 7 6
0 2 0 4 0 6 2 8
0 2 0 4 0 6 6 8 9 0
0 2 0 4
0 2 2 4 2 6
0 2 3 5 3 2
0 2 0 4 0 6 0 8 2 10 2 12 4 14 15 6 15 2 6 10 8 20
0 2 2 4
0 2
0 2
0 2 2 4 2 6
0 2 0 4 0 6 0 8 9 0 11 4 13 11 15
0 2 0 4 5 4
0 2 3 5 3 7 3 9 3 9 7 12
0 2 0 4 0 6 0 8 4 10
0 2 3 2 5 3 5 2
0 2 3 5
0 2 0 4 0 6 0 8 0 10 4 12
0 2 0 4 5 0 5 4 8 4 4 11
0 2 0 4 0 6 0 8 0 10 0 10 4 13
0 2 3 2 3 6
0 2 0 4 0 6 0 8 2 10
0 2 0 4 0 6 0 8 4 10 8 12
0 2 0 2 0 5 0 7 0 7 2 7
0 2 0 4 0 6 0 8 2 10 11 2 13 8
0 2 0 2 0 5 0 7 2 9
0 2 0 4 2 6 4 8
0 2 0 4 0 6 0 8 2 4 2 8
0 2 0 4 0 6 7 6 9 2
0 2 0 4 0 6
0 2 0 4 0 6 6 8
0 2 0 4 5 2 5 4
0 2
0 2 0 4 0 6
0 2 0 2 0 5 2 7
0 2 0 4 0 6 0 8 0 10 4 12 6 14
0 2 0 4 0 6 0 8
0 2 0 4 0 6 0 8 8 10
0 2 3 2
0 2 0 4 0 6 0 8 0 10 0 12
0 2 0 4
0 2 0 4 4 4
0 2 2 4 2 4 6 2
0 2 0 4 0 6 2 8 4 10 6 12
0 2
0 2 2 4 5 2
0 2 0 4 5 0
0 2 0 4 0 6 0 8 2 6 4 11 12 8
0 2 0 4 0 6 0 8 2 8 10 8 6 13
0 2 0 4 0 6 0 8 0 10 0 12 4 14 6 16
0 2 0 4 0 6
0 2 3 0
0 2 0 4 0 6 0 8 8 10
0 2 2 4 2 6 7 6
0 2 2 4
0 2 0 4 0 6 0 8 0 0 6 11 6 13
0 2 0 4 0 6 0 8 0 10 0 12 6 14 14 8 8 17
0 2 0 4 0 6 0 8 0 10 0 12 2 14 6 16
0 2 0 4 0 6 4 8 4 10
0 2 0 4 0 6 4 6 6 9 6 9
0 2 0 4
0 2 0 4 2 6 7 2 7 4 7 0
0 2 0 4
0 2 0 4 0 6 4 8
0 2 0 4 0 6 4 8 4 10 11 6
0 2 0 4 0 6 0 8 8 10
0 2 0 4 0 6 0 8 4 10 6 12
0 2 0 4 0 6 7 0 7 10
0 2 0 4 2 6 7 2 4 10 11 0
0 2
0 2 3 5 6 0 6 9 6 5 6 12 13 6
0 2
0 2 3 2 3 6
0 2 0 4 0 6 0 8 0 10 10 12
0 2 0 4 0 6
0 2 2 4
0 2 0 4 0 6 0 8
0 2 0 4 0 4 6 2 6 0 9 0
0 2 0 4 0 6 0 8 0 10 0 12
0 2 0 4 0 6 0 8
0 2 0 4 0 6 4 8 6 10
0 2 0 4 0 6 0 8 0 10 0 12 0 14 15 14 14 18 14 20 4 22 8 24
0 2 0 4
0 2 0 4 0 6 0 8 0 10 11 2 11 4 11 6 4 16 4 18 4 18
0 2 2 4 2 6 2 8
0 2 0 4 0 6 0 8 0 10 0 12 2 14 10 8 10 12 10 18 10 4 8 21 4 23 4 23
0 2 0 4 0 6 4 8 9 2
0 2 0 4 0 6 0 8
0 2 0 4 0 6 2 8
0 2 2 4
0 2 0 4 0 6 0 8 0 10 2 12
0 2 0 4 2 6
0 2 3 5 3 7 7 9
0 2 0 4 0 6 6 8
0 2 0 4 0 6 0 8 2 10 4 12
0 2 2 4
0 2 0 4 0 6
0 2 2 4 2 6 2 8 2 10 4 12
0 2 0 4 0 6 2 8 2 10
0 2 0 4 4 6
0 2
0 2 0 4 0 6 4 2
0 2 0 4 0 6
0 2 0 4 2 6
0 2 2 4 5 7 5 2 5 10 5 0 5 13 10 15
0 2 0 4 0 6 7 0 9 6 9 4
0 2 3 2 3 0 3 7 7 0 7 10 7 12
0 2 0 4 0 6 0 8 0 10 0 12 0 14 2 16 6 18 10 14
0 2 0 4 0 6 0 8 0 10 10 12 10 14
0 2 0 4
0 2 0 4 0 6 6 4 4 9
0 2 0 4 0 6 0 8 0 10 8 12 10 2
0 2 0 4
0 2 0 4 2 6
0 2 0 4 5 0 7 4
0 2
0 2 2 4 5 4 5 2 4 9
0 2 0 4 0 6 0 8 4 10 8 12
0 2 2 4 2 4 6 2
0 2 0 4 0 6
0 2 2 4 5 7 5 2 5 0 5 11 5 13 7 15
0 2 0 4 2 6
0 2 0 4 0 6 0 8 2 8 6 8 6 0 6 2 6 4 8 15 8 15 8 15 18 0
0 2 0 4 0 6 0 8 2 10 11 2
0 2 0 4 0 6 6 8
0 0 0 3 0 5 5 7 8 3
0 2 0 4 0 6 0 8 0 10 0 12 2 14 4 6 6 17 6 17 6 17 8 21 10 6
0 2 0 4 4 6
0 2 0 4 0 6 4 8
0 2 0 4
0 2 0 2
0 2 0 4 0 6 4 8
0 2 3 5 3 7 3 0
0 2 0 4 0 6 0 8
0 2 0 4 0 6 7 9 7 0 9 6 9 0 9 7 9 2 9 9 9 4
0 2
0 2 0 4 0 6 7 2
0 2 0 2 4 6 4 8 6 4 6 8 8 0
0 2
0 2 0 4
0 2 0 4 0 6 2 8
0 2 0 4 4 6
0 2 0 0 2 5 2 7
0 2 0 4 0 6
0 2 0 4 0 6 0 8 0 10
0 2 0 4 4 6 7 2
0 2 2 4 5 7 5 9 5 11 5 2 5 14 9 16 11 18
0 2 3 5 3 0 3 8
0 2 0 4 0 6
0 2 0 4 4 6 4 8
0 2 2 4
0 2 2 4 5 7 5 2 5 10 5 12 5 0 5 15 12 17
0 2 0 4 0 6 2 8 4 10
0 2 0 4 4 6
0 2 0 4 0 6
0 2 0 4 0 6 2 8 4 10
0 2 0 4 0 6 0 8 6 10
0 2 0 4 0 6 2 8
0 2 3 0 3 6 3 8 3 10 6 12 10 14
0 2 0 4 0 6
0 2 0 4 0 6 0 8 6 4
0 2 0 4 0 6 6 8
0 2 0 4 0 6 0 8 0 10 4 12 4 12 10 2 10 4 10 6 10 0 10 8 8 20 8 20
0 2 0 4 0 6 0 0 0 9 0 11
0 2 2 4 5 4 7 9 7 4 9 12
0 2 0 4 2 6
0 2 0 4 0 6
0 2 0 4 0 6 0 8 8 10
0 2 0 4 0 6 0 8 4 10 8 12 8 14
0 2 0 4 0 6 0 8 0 10 2 12 2 10 6 4 8 16
0 2
0 2 0 4 0 6 0 8 0 10 11 2 8 14
0 2 0 4
0 2 2 4 2 4 6 2 8 2 8 11 8 0 13 8
0 2 0 4 0 6 2 8 9 0
0 2
0 2
0 2 0 4 0 6 4 8
0 2 0 4 0 6 2 4 8 4 4 11 4 11
0 2 2 4 2 6
0 2 0 4 0 6 2 6 4 2
0 2 0 4 0 6 0 8 0 10 0 12 2 10 6 10 10 16 10 16
0 2 2 4 5 2 5 0 5 4
0 2 0 4 0 6 0 8 0 10 0 12 2 14 4 16
0 2 0 4 5 2 5 4
0 2 0 4 0 6 4 8 6 10
0 2 0 4 2 6
0 2 0 4 4 6
0 2 0 4 0 6 0 8 8 10 11 13
0 2 0 4 0 6 0 8 0 10 0 12 0 14 4 16 6 18
0 2 0 4 0 6 0 8 2 10
0 2 0 4
0 2 0 4 4 6
0 2 0 4 0 6 0 8 0 10 0 12 6 14 6 16 8 18 10 20
0 2
0 2 0 4 0 6 0 8 9 8 8 12 8 14
0 2
0 2 0 4 0 6 0 8
0 2 0 4 0 6 7 2 7 4 7 6 11 0 11 7
0 2 2 4 4 6 4 6 4 6 9 4 9 0 9 13 9 13 9 2 16 4 16 0 16 13 16 21 16 2 21 24
0 2 0 4 0 6 0 8 2 10 11 0
0 2 0 4 0 6 0 8 0 10 0 12 2 14 10 16 12 18
0 2 0 4 0 6
0 2 2 0 4 6 4 2
0 2 2 4 2 6 6 8 9 6
0 2 0 4 0 6 2 8
0 2 0 4 0 6 4 8
0 2 0 4 0 6
0 2 0 4 0 6
0 2
0 2 0 4 0 6 4 8
0 2 3 0 3 6 3 8
0 2 0 4 2 6
0 2 0 4 4 6 4 8 9 4
0 2 0 4 0 6 2 8
0 2 0 4 0 6
0 2 3 5 6 8 6 3 6 11 6 5
0 2 0 4 2 6 7 6
0 2 0 4 0 6 0 8 2 10 4 12
0 2 0 4 0 6 4 6 4 9
0 2 0 4 0 6
0 2 0 4 5 0 5 8 8 10
0 2 0 4 0 6 0 8
0 2 0 4 2 6 7 4 7 2 7 11 7 13 7 0 7 16 13 0
0 2 0 4 2 6 7 4 4 10
0 2 0 4 0 6 0 8 4 10
0 2
0 2 0 4 0 6
0 2 0 4 0 6 4 8
0 2 0 4 4 6 7 0
0 2 3 5 3 0 5 8
0 2 0 4 2 6 7 0 7 10 11 13 11 7 11 0 11 10 11 2
0 2 0 4
0 2 0 4 0 6 2 8 4 2 6 11
0 2 0 4 5 4
0 2 2 4
0 2
0 2 0 4 2 6
0 2 0 4 0 6 4 8
0 2 0 4 0 6 2 8 6 10
0 2 0 4 0 6 0 8 0 10 2 12 13 6 8 4 10 17
0 2
0 2 0 4 0 6
0 2 0 4 0 6 4 8
0 2 0 4
0 2 0 4 0 6 0 8 2 10 4 12 6 14
0 2 0 4 0 6 2 8
0 2 0 4 0 6 2 8
0 2 0 4 0 6 2 8 6 2
0 2 3 0 3 2
0 2 0 4 4 6
0 2 0 4 0 6 0 8 0 10 2 12 6 14 8 16 8 18
0 2 0 4
0 2 2 4 2 6 7 2 7 10 7 12 7 14 14 10 12 17 12 19
0 2 0 4 2 6 7 0
0 2 0 2 0 0 0 0 0 7 0 7 0 10 0 10 0 13 0 13
0 2 3 5 3 0
0 2 0 4 0 6
0 2 0 4 0 6 0 8 8 10 8 12 10 12
0 2 3 2 5 3
0 2 2 4 5 7 5 2
0 2 0 4 5 0 5 8 5 10 5 12 12 14
0 2 0 4 0 6 6 8
0 2 0 4 0 6 0 8 0 10 11 6 11 8 11 10 11 2 11 4 6 18 6 18 10 21 10 21
0 2 0 4 4 2 4 7 4 9 10 2
0 2 3 2 3 6
0 2 0 4 0 6 0 8 0 10 0 12
0 2 0 4 0 6 0 8 0 10 2 12 2 12 6 8 6 10 6 2 6 0 6 4
0 2 0 4 0 6 0 8 0 10 0 12 8 2
0 2 0 4 0 6 0 8 6 10 10 12 13 10
0 2 0 4 0 6 0 8 0 10 2 12 8 14 8 16
0 2
0 2 0 4 4 6
0 2 0 4 0 6 4 8 4 10 11 6
0 2 0 4 0 0 2 7
0 2 0 4 0 6 0 8 2 10
0 2 0 4 0 6 0 8 2 6 6 11 6 11
0 2
0 2 0 4
0 2 0 4 2 6
0 2 0 4 0 6 0 8 0 10 6 12 8 14 8 16 17 8
0 2 0 4 0 6 0 8 6 4
0 2 0 4 0 6 4 8 6 10 11 2
0 2 2 4
0 2 0 2 0 5
0 2 0 4
0 2 2 4 2 4 6 8 6 0 6 2 11 8
0 2
0 2 0 4 0 6 4 8 9 11 12
0 2 0 4 0 6 0 8 0 10 0 12 0 14 10 2 10 4 10 6 10 8 10 12 10 14 4 22 4 22
0 2 0 4 0 6 0 8 0 10 4 12
0 2 0 4 0 6 0 8 4 10
0 2 0 4 0 6
0 2 3 5 3 0 3 8
0 2 0 4 0 6 0 8 2 10
0 2
0 2 0 4 0 6 0 8 0 10 2 12 8 14
0 2 0 4
0 2 0 4 0 6 0 8 0 0 2 11 2 13
0 2 0 4 5 2
0 2
0 2 2 4 2 6 7 2
0 2 0 4 0 6 6 8
0 2 3 5 3 0 3 8 3 10 3 12 3 14
0 2 0 4 0 6 0 8 0 10 4 12 4 14 14 16
0 2 0 4 0 6
0 2 0 4 0 6
0 2 0 4 0 4 0 7 0 9 2 9 2 2
0 2 0 4 5 4
0 2 0 4 0 6 0 8 4 10 6 12
0 2 0 4 0 6 0 8 2 10 4 12 4 8
0 2 0 4 4 6 4 8 8 10
0 2 0 4 0 6 2 8
0 2 0 4 2 6 2 6 8 0 8 2
0 2 0 4 0 6 0 8 0 10 0 12 4 6 4 2 6 16 6 16 6 10 10 20 21 23 12 25
0 2 0 4
0 2 0 4 0 6 2 6
0 2 0 4 2 6 4 8
0 2 2 4 5 7 5 9 5 11 5 0 5 2 14 2
0 2 0 4 0 6 0 8 2 10 4 12 12 2 12 8 6 16
0 2 0 4
0 2 0 4 4 6
0 2 0 4 0 6
0 2 0 4 0 6 2 8
0 2 0 4 4 6
0 2 0 4
0 2 3 4 6
0 2 0 4 0 6 0 8 0 10 2 12 4 14 10 6 8 17
0 2 0 2 0 5 0 7 0 9 2 11 7 13
0 2 0 4 2 6 2 8
0 2
0 2 0 4 2 6 2 8 9 4 9 12 9 14 9 6 9 2 9 18 9 20 4 22 14 20
0 2 0 4 0 6 2 0 2 9
0 2 0 4 0 6 0 8 0 10 10 12 13 15 15 2 4 18 8 4 20 13
0 2 0 2 0 5
0 2 0 2 0 5 0 7 0 0 5 10 5 12 7 14
0 2 0 4 0 6 0 8 9 8
0 2 0 4
0 2 3 0 5 3 7 8 3 10 11 3 13 14 13 16
0 2 0 4 4 2 4 2 4 8 4 10 4 12
0 2 0 4 0 6 4 8 9 11 9 0
0 2
0 2 0 4 0 6 0 8 0 10 4 12 4 14 4 14 10 2 10 0 10 4 10 6 10 8
0 2 0 4 4 6 4 8
0 2 2 4 5 7 5 9 5 11 5 13 5 2
0 2 0 4 2 6
0 2 0 4
0 2 0 4 0 4 0 7
0 2 2 4
0 2 0 4 5 7
0 2
0 2 0 4 2 6 2 8
0 2 0 4 0 6 0 8 8 10
0 2 0 4 0 6 4 8
0 2
0 2 0 4 5 4
0 2 0 4 0 6 7 2
0 2 0 4 0 6 0 8 0 10 10 2
0 2 0 4 0 6
0 2 0 4 4 6 4 8
0 2 0 4 0 6 7 2 7 4 7 6
0 2 0 4 0 6
0 2 2 4
0 2 0 0
0 2 0 4 0 6 0 8 6 8 8 11
0 2 0 4 5 4 5 4 4 9
0 2 0 4 0 6 4 8
0 2 0 4 0 6 0 8 0 10 4 12 10 4 8 15
0 2 2 4 2 6
0 2 0 4 0 6
0 2 0 4 0 6 0 8
0 2 0 4
0 2
0 2 0 4 0 6 0 8 9 8
0 2 0 4 0 6 0 8 0 10 8 12
0 2 0 4 0 6 0 8
0 2 0 4 0 6 0 8 8 2
0 2 0 4 4 6
0 2 0 4 4 6
0 2 0 4
0 2 0 4 0 6 0 8 0 10 4 12 13 4 10 16
0 2 0 4 0 6 0 8
0 2 0 4 0 6 0 8 6 10
0 2 0 4 0 6 0 8 0 0 0 11 12 11 14 2 16 18 18 2
0 2 0 4 2 6
0 2 0 4 0 6 0 8 0 10
0 2 0 4 2 6
0 2 0 4 0 6 4 8 4 10 11 8 13 15
0 2 0 4 0 6 0 8 2 0 2 6 2 4 2 8 6 14 6 14 4 17 4 17
0 2 0 4 0 6
0 2 0 4 5 0 5 8
0 2
0 2 0 4 0 6
0 2 0 4 5 0 5 8
0 2 0 4 0 6 0 8
0 2 0 4 0 6 0 8 0 10 10 12
0 2 0 4
0 2
0 2 0 4 2 0 2 4 2 8 9 2
0 2
0 2 3 2
0 2 0 4 2 6 2 8
0 2 0 4 2 6 4 8
0 2 0 4 0 6 0 8 9 4
0 2 0 0 0 5 0 7 7 0 5 10
0 2 0 0 0 5 0 7
0 2 0 4 0 6 0 8 0 10
0 2 0 4 5 2 5 4
0 2 2 4 5 2 7 2 7 10 7 12 7 7 7 15
0 2 0 4
0 2 0 4 0 6 2 8 2 0 10 4
0 2 0 4 5 7
0 0 0 3 3 5
0 2 0 4 2 6 2 6 8 10 8 12 8 4 8 15 8 2 8 18 10 2
0 2
0 2 0 4 0 6 0 8
0 2 0 4 2 6 4 8
0 2 0 4 0 4 0 7 2 9 2 11
0 2 0 4 4 6
0 2 0 4 0 6 4 8 6 10
0 2 0 4 0 6 2 8 2 8 10 2 12 4 12 6 12 2 12 0
0 2 0 4
0 2 0 4 0 6 0 8 0 10 0 12 2 10 10 15
0 2 0 4 0 6 0 8 0 10 2 6 6 13 6 13 15 8
0 2 0 4 0 6
0 2 2 4
0 2 0 4 0 6
0 2 0 4 0 6 0 8
0 2 2 4 2 4 6 0 6 9 6 2 6 12 13 2 9 16
0 2 0 4 0 6 0 8
0 2
0 2 2 4 5 0
0 2 0 4 0 6
0 2 0 4
0 2 0 4 4 2
0 2 0 4 5 4 4 8
0 2 0 4
0 2 0 4 0 6 0 8 6 4 4 11 4 11
0 2 0 4
0 2 0 4 0 6 4 8
0 2 0 4 0 6 4 8 4 10
0 2 0 4 2 6 7 2
0 2 0 4 0 4 0 7 4 9
0 0 0 3
0 2 0 4 0 6 0 8 0 10 0 12 4 4 6 15 12 17
0 2 0 4 0 6 0 8 2 10 8 12
0 2 0 4 0 6 4 8 6 10
0 2 0 4 0 6 0 8 0 10 8 4
0 2 0 4 0 4 4 7
0 2 0 4
0 2 0 4 2 6 7 9
0 2 0 4 0 6 2 0 2 4 2 6 10 0
0 2 0 4 5 4
0 2 0 4 4 6 4 8
0 2 0 4 0 6 2 8
0 2
0 2 2 4 5 7
0 2 0 4 0 6 0 8 0 10 8 12 8 14 8 16 17 19
0 2 0 4 0 6 4 6 6 9 6 9 6 2
0 2 0 4 0 6 0 8 0 10 0 12 0 14 2 16 12 18 12 20 21 8 8 24 8 26 27 6
0 2
0 2 0 4 0 6 0 8 2 10 6 12 8 14 15 2
0 2 3 2 3 6 7 9 7 3 7 12
0 2 0 4 2 6 4 8
0 2 0 4 0 6 7 2 6 10
0 2 0 4 0 6 4 8 6 10
0 2 0 4 0 4 0 7 4 7 4 7 4 0 4 0 4 2 4 2
0 2 0 4
0 2
0 2 3 2 5 3
0 2 2 4 5 2 5 0 5 4 4 10
0 2 0 4 5 0 5 8 5 10 5 12
0 2 0 4 0 6 2 8 2 6 6 11 4 13
0 2 0 4 0 6 0 8 0 10
0 2 0 4
0 2 0 4 0 6 0 8 0 10 2 12 2 12 2 8 4 2 4 8 10 2 10 19 10 21 22 24
0 2 0 4 0 6 6 8
0 2 0 4 0 6 0 8 0 10 0 12 0 14 2 14 6 17 10 12 19 0
0 2 0 4 0 6 0 8 4 10 8 12
0 2 0 4 0 6 0 8 8 2 8 11 8 11 13 2 13 8 6 8 17 6
0 2 0 4 4 6
0 2 0 4
0 2 0 4 5 4
0 2 0 4 0 6 0 8 6 10 6 12
0 2 0 4 0 6 4 8
0 2
0 2 3 0 5 0 7 0 9
0 2
0 2 0 4 4 6 4 8
0 2 0 4 0 6 0 8 2 10 6 12
0 2
0 2 0 4
0 2 0 4 5 2
0 2 0 4 2 6 2 6 8 0 8 2 8 12
0 2 0 4 0 6 0 8 2 10 6 12
0 2 3 0 3 6 3 8 3 2 6 11
0 2 0 4 2 6 2 8 9 2 9 8
0 2 0 2 0 2 0 6 0 8 8 10
0 2 0 4 5 7 5 0 5 10 11 7
0 2 0 4 0 4 0 7 0 9 4 11 4 9 7 2
0 2 2 4
0 2 0 4 5 0 5 2 8 10 8 12 8 0 8 15 8 17 18 17 15 21
0 2 3 5 6 5
0 2
0 2 2 4 4 6 4 8
0 2 0 4 0 6 4 2
0 2 0 4 5 4 5 2
0 2 0 4 0 6 0 8 0 10 2 12 2 14 4 16 4 18 6 8
0 2 2 4
0 2 0 4 0 6 2 6
0 2 2 4
0 2 0 4 0 6 0 8
0 2 0 4 0 4 2 7
0 2 0 4 0 4 0 7 4 9 7 11 11 13
0 2 0 4
0 2 0 2 0 3 2 6 7 9 7 0 7 2 7 6
0 2 0 4 0 6 0 8 6 10 6 12 13 0 8 16
0 2 0 4 0 6
0 2 0 4 0 6 0 8 2 10 11 0
0 2 2 4 5 7 5 0 5 2 5 11 7 13 11 15
0 2 0 4 0 6 2 8 4 10 4 12
0 2 0 4 0 6 0 8 4 10
0 2 0 4
0 2 0 4 0 6 0 8 0 10 10 12
0 2 0 4 2 6
0 2 0 4 0 6 0 8 8 10
0 2 0 4 0 4 0 7
0 2 0 4 4 6
0 2 0 4 2 6
0 2 0 4 0 6 2 8 2 10
0 2 0 4 2 4 4 7 4 7 9 0
0 2 0 4 0 6 0 8 0 10 0 12 13 4 8 16 10 18 10 0 18 21 22 10
0 2 0 4 4 6 4 6 8 2 8 4
0 2 0 4 0 6 6 8
0 2 2 4 5 2
0 2 0 4 0 6 0 8 6 10
0 2 0 4 0 6 2 8 6 10 6 12
0 2 0 4 0 6 2 8 4 10
0 2 0 4 0 6 6 4
0 2 3 2 3 6 3 8 3 10 3 12 8 14 8 16
0 2 2 4
0 2 0 4 0 6 6 2
0 2 0 4 0 6 4 2 4 6 4 6 4 0
0 2 0 4
0 2 0 2 0 5 0 5 0 8 5 10 5 2 5 0 8 10
0 2 0 4 0 6 0 6
0 2 0 4 0 6 0 8 0 10 4 12
0 2 0 4
0 2 0 2 0 5 0 5 7 2 7 5
0 2 0 4 2 6 4 8
0 2 0 4 0 6 0 8 0 10 2 12 4 14 6 16
0 2 0 4 0 6 0 8 0 10 0 12 2 12
0 2 0 4 0 6 0 8 2 10 2 10 4 8 4 2 8 6
0 2 0 4 5 2 5 8 5 10 5 4 5 0 8 14 4 8 10 17
0 2 0 4 0 6 2 8 4 10
0 2 2 4 5 0 5 8 5 10 5 2
0 2 0 4 0 6
0 2 0 4 0 6
0 2
0 0 0 3 3 5
0 2 0 4 0 6
0 2 0 4 0 6 2 8 2 10 4 12
0 2
0 2 2 4 5 7 5 9 5 2 5 0
0 2 0 4 0 6 0 0 2 9
0 2 0 4
0 2 3 2 3 6 3 0 3 9 6 11
0 2 0 4 0 6 0 8 2 10 2 10 4 13
0 2 2 4 5 7 5 9 5 0 5 12 5 14 5 16 16 9 14 0 14 2 20 2
0 2 0 4 0 6
0 2 0 4 0 6 0 8 9 8
0 2 0 4 0 6 0 8 6 10
0 2 0 4 0 6 0 8 0 10 0 12 0 14 6 14
0 2 0 4 0 6 0 8 0 10
0 2 0 4 5 0 7 0 9 0 11 0 13 0 15 2 17 11 2 9 20
0 2 3 5 3 0 3 8 9 3
0 2 3 5 3 7 3 9 3 2 3 12 3 14 3 16 5 18 7 20 9 22 14 24
0 2 0 4 0 6 6 8
0 2 2 4 2 6 4 8
0 2 2 4 5 2 7 2
0 2 0 4 0 6 4 8 6 10
0 2 0 4 0 6 6 8
0 2
0 2 3 2 3 6
0 2 0 4 2 4
0 2 0 4 2 4 4 7
0 2 0 4 2 6 4 8 4 10 11 8
0 2 0 4 2 6
0 2 0 4 5 0
0 2 0 4 0 6 2 2
0 2 0 4
0 2 0 4 0 6 0 8 0 10 0 10 0 13 2 15 16 6 6 19 8 21
0 2 3 0
0 2 0 4
0 2
0 2 3 5 3 0 3 8 9 0
0 2 2 4
0 2 0 4
0 2 0 4 0 6
0 2 0 4 5 4
0 2 3 0
0 2 0 4 0 6 0 8
0 2 0 4 0 6
0 2 2 4
0 2 0 4 0 6
0 2 0 4
0 2 0 4
0 2 0 4 2 6
0 2 2 4 5 7 5 9 7 11 12 0 12 15 12 7 12 2 15 19
0 2 0 4 0 6 0 8
0 2 0 4 0 4 0 7 0 9 0 11 2 13 2 13 15 2 15 4 15 4 15 7 15 9 15 11 9 4 9 4 7 25 7 25
0 2 0 4 4 6
0 2 0 4 0 6 0 8 0 10 2 12 13 6 6 16 10 13
0 2 0 4 0 6 2 8
0 2 0 4 5 2 4 8
0 2 2 4 2 6
0 2 2 4 5 2 5 8 5 10 5 12 5 14 5 16 5 18 10 20
0 2 2 4 5 0
0 2 0 4 0 6 2 8 4 10
0 2 0 4 0 6 0 8
0 0
0 2 2 4
0 2 0 4 0 6 0 8 0 10 0 12 13 6
0 2 0 4 0 6 0 8 0 10 2 12
0 2 0 4 2 6 7 2
0 2 0 4 0 6 4 8
0 2 0 4 0 6 0 8 0 10 2 12 6 14
0 2 0 4 0 6 7 0 9 0 11 0 13 0 15 2 17 2 9 9 20 9 20
0 2 3 0
0 2 0 4 0 6 0 8 0 8 4 11 4 13
0 2 0 4 0 6 0 8 4 2 8 2 6 8
0 2 0 4 0 6 0 8 0 10 0 12 8 14 12 16
0 2 0 4 4 6
0 2 0 4
0 2
0 2 0 4 5 2 5 2 5 0 5 0 5 11
0 2 0 4 0 6 0 8 4 10 8 8
0 2 0 4 2 6
0 2 2 4 2 6
0 2 2 4 2 6 4 4
0 2 3 5 3 7 5 9 5 9 5 0 12 3 12 2 12 5 12 0 12 18 18 3
0 2 0 4 0 6
0 2 0 4 0 6 0 8
0 2 0 4 0 6 0 8 0 10 2 6 4 13 4 15 6 17 6 17 6 8 10 21
0 2 0 4 0 6 4 8
0 2 0 4 0 6 2 8 6 10
0 2 0 4 2 6 4 8
0 2 3 5 6 3 6 5 6 2
0 2
0 2 0 4 4 6 4 8 4 10
0 2 0 4 5 4 5 8
0 2 2 4 2 6 7 2 7 10 7 12 7 14 7 16
0 2 0 4 0 6 0 8 0 10 0 12 2 12 6 15
0 2 0 4 0 6 0 8 2 10 6 12
0 2 0 4 5 0 5 8 5 10 5 12 8 14
0 2 0 4 5 0 5 8 5 10 5 12 13 8 10 16
0 2 0 4 0 6
0 2 0 4 0 6 0 8 8 10 8 12 10 14 6 16
0 2 0 4
0 2 0 4 0 6 0 8
0 2
0 2 0 4 0 6 2 4 2 4 4 10 4 10 4 13 4 13
0 2 0 4 0 6 0 8 0 10 6 12
0 2 0 4 0 6 6 8 9 8
0 2 0 4 0 6 0 8 8 2
0 2 2 4
0 2 0 4 0 6 4 8
0 2 0 4 0 6 0 8
0 2 0 4 0 6 0 8 2 10
0 2 0 4 0 6 0 8 6 10 8 12
0 2 0 4 0 6 0 8 8 10 11 4
0 2 0 2 0 5
0 2 0 2 0 5 0 7 8 10
0 2 0 4 0 6 0 8 0 10 2 12 2 14
0 2 0 4 0 6 0 8 0 10 0 12 0 14 10 16 17 2 12 20
0 2 2 4 5 7 5 2
0 2 2 4
0 2 0 4 0 6 6 4
0 2
0 2 0 4 4 6
0 2 0 4 0 6 2 8 2 10 11 4 6 4
0 2 0 4 0 6 0 8 2 2 4 2 6 12 6 14
0 2 0 4 4 6 7 2
0 2 0 4 0 6 0 8 2 10 8 12
0 2 2 4 5 2
0 2 0 4 0 0
0 2 0 4 0 6 4 8
0 2 0 4 2 6
0 2 0 4 0 6 0 8 9 8 8 12 8 6 8 0 8 2 8 4
0 2 0 4 0 6 2 8
0 2 0 2 0 5 0 7 2 9
0 2 0 2
0 0 0 3 3 5
0 2
0 2 3 5 3 7 3 9 3 0 3 2
0 2 0 4 0 6 7 6 4 6
0 2 0 4 5 0 5 8 5 10
0 0 0 3 0 5
0 2 0 4 0 6 0 8 0 10 4 12 6 12
0 2 0 4 0 6 0 8 0 10 8 12 10 14
0 2 0 4 4 6
0 2 0 4 0 6 4 8 6 10
0 2 0 4 0 6
0 2 0 4 0 6 2 8
0 2 0 4 5 4 5 2
0 2 3 5 3 0
0 2 0 4 0 6 2 8 9 6 11 9
0 2 0 4 0 6 0 8 0 10 2 12 4 14 6 16 8 18
0 2 0 4 2 6
0 2 3 0
0 2 0 2 0 5
0 2 0 4 5 7
0 2 0 4
0 2 0 4 0 6 0 8 0 10 2 12 10 14
0 2 0 4
0 2 0 4 0 6 0 8 0 10 0 12 6 14 12 16
0 2 0 4 4 6 4 8
0 2 0 4
0 2 0 4 4 6
0 2 0 4 0 6 6 8
0 2 0 4 5 4
0 2 0 2 0 5 0 7 0 9 0 11 2 13 7 15
0 2 0 4
0 2 0 4 0 6 4 8
0 2 0 4 0 6
0 2 0 4 0 6 4 8 6 10 6 12 13 6
0 2 0 4
0 2 0 4 0 6 0 8 0 10 2 12 6 14 6 16
0 2 0 2 0 5 0 7 2 9 2 9 2 12 2 12 14 2 14 2 14 0 14 0
0 0 2 0
0 2 0 4 0 6 2 8 6 10 6 12 4 14 15 10
0 2 0 4 0 6 6 8 6 10
0 2 0 4 2 6
0 2 3 5 6 3 6 0
0 2 0 4 0 6
0 2 0 4 0 6 2 8 6 10
0 2 0 4 0 6 0 8 0 10 11 6 10 14
0 2
0 2 0 4 0 6 0 8 0 10 4 12
0 2 0 4 0 6 0 8 0 10 4 12
0 2 0 4 0 6 4 8
0 2 0 4 4 6
0 2 0 4 0 6 0 8 0 10 0 12 0 14 15 14 15 18 4 20
0 2 0 4
0 2 0 4 0 6 0 8 0 10 0 12 2 14 6 4 12 17
0 2 3 0 5 7 5 7 5 0
0 2 0 4 0 6 4 8 4 8 6 0 6 2 6 4
0 2
0 2
0 2 0 4
0 2 0 4 0 6 0 8 0 10 0 12 6 14
0 2 0 2 0 5
0 2 0 4 2 6 7 0
0 2 0 2 0 5 0 7 0 9 5 11 12 2
0 2 0 4 2 6
0 2 0 4 0 6 0 8 2 10
0 2 0 4 0 6 0 8 0 10 0 12 0 14 2 16 6 2 8 19 14 21
0 2 0 4 0 6
0 2 0 4 0 6 2 4 4 9 4 9 4 6 6 13
0 2 0 4 0 6 4 0
0 2 0 4 0 6 2 8 2 10
0 2 0 4
0 2 0 4 2 6 4 8
0 2 0 4 0 6 4 8
0 2 0 4 0 6 0 8
0 2 0 4 0 6 2 8 2 8 4 2
0 2 0 4 4 6
0 2 0 4 2 6
0 2 0 4 2 6 4 8 4 10 11 4
0 2 3 0
0 2 0 4 0 6 6 8
0 2 3 0 3 6 3 2 3 9 3 11 12 0 12 6 12 2 12 9 12 11
0 2 0 4 5 2 4 8
0 2 0 4 0 6 0 8
0 2 0 4 4 6 4 6 6 9 6 11
0 2
0 2 0 4 0 6 0 8 0 0 2 11 4 8
0 2 0 2 0 5 6 8
0 2 3 5 3 2 3 0 5 9
0 2 0 4
0 2 0 4 5 4
0 2 2 4
0 2 0 4 0 6
0 2 0 4 0 6 2 8
0 2 0 4 5 7
0 2 0 4 0 6 2 8 2 10 4 12 13 2
0 2 2 4 5 7
0 2
0 2 0 4 0 6 0 8 0 10 2 6 4 8
0 2 0 4 0 6 2 8 2 8 4 11 12 0 12 2 12 4 12 17 17 19
0 2 0 4 0 6
0 2 0 4 0 6 0 8 4 10
0 2 2 4
0 2 0 4 0 6 0 8 4 10 6 12 8 14
0 2 0 4
0 2 0 4
0 2 0 4 0 6 6 4
0 2 0 2 0 5 0 5 0 8 0 10 2 12 2 5
0 2 0 4 0 6 6 8
0 2 0 4 0 6 2 8 2 10
0 2 0 4 5 0
0 2 0 4 0 6
0 2
0 2 0 4 0 6 0 8 0 10 4 12 6 14 10 16
0 2 0 4 0 6 6 8
0 2 0 0
0 2 0 4 0 6 0 8 0 10 0 12 2 14 10 16 10 18
0 2 0 4 5 2 4 8
0 2 2 4 5 7
0 2 0 4 5 4 7 8
0 2 0 4
0 2 0 4 0 6 0 8 2 0 2 6 2 8 2 13 2 4 8 16 8 16 4 19 4 19
0 2 2 4
0 2 2 4 2 6
0 2 0 4 2 6 2 8 4 10
0 2 0 4 4 6 4 8
0 2 0 4 0 6 0 8 2 10 8 12
0 2 0 4 2 6 6 8 9 2
0 2 0 4 0 6 0 8 0 10 8 6
0 2 2 4 5 0
0 2 0 4 2 6
0 2
0 2 0 4
0 2 3 2 5 2
0 2 0 4 4 6
0 2 0 4 0 6 0 8 9 2
0 2 0 4 0 6
0 2 0 4 0 6 2 8 4 10 4 12
0 2 0 4 4 6
0 2 0 4 0 6 0 8 8 4
0 2 0 4 0 6 0 8 0 10 0 12 12 10 10 15 4 17
0 2 0 4 4 6 4 8
0 2 2 0
0 2 0 0 0 5 0 7 0 9 10 2
0 2 0 4 0 6 0 8 2 8 8 11 6 13
0 2 3 5 3 7 3 9 5 11 5 13
0 2
0 2 3 2 3 6 3 8 8 10
0 2 0 4 4 6
0 2 0 4 0 6 0 8
0 2 3 5 3 7 3 9 3 2 7 12
0 2 0 4 2 6 2 8 9 4 4 12 6 14 8 14
0 2 0 4 0 6 0 8 0 10 8 12
0 2 0 4 2 6
0 2
0 2 0 4 0 4 0 7 0 9 2 11 2 11 9 0 9 4 7 16 7 2
0 2
0 2 0 4 0 6 0 8 2 10
0 2 0 4 2 4 2 4 4 8 4 8 4 11 4 11
0 2 0 4 4 6 4 8
0 2 0 4 0 6
0 2 0 4 0 6 2 8 9 2 6 12
0 2 0 4 0 6 0 8 0 10 4 12 6 14
0 2 2 4 5 2 5 8
0 2 0 4 0 6 4 8
0 2 0 4 0 6
0 2 0 4 0 6 0 8 0 10 0 12 0 14 4 16 8 18 19 12 12 22
0 2 0 4 0 6 0 8 2 10 4 12 6 14
0 2 0 4 0 6 0 8 6 10
0 2 2 4 2 6
0 2 0 4 0 6
0 2 0 4 0 6 0 8 0 10 4 12 8 14 15 2
0 2 0 0 2 5
0 2 0 4 4 6
0 2 0 4 0 6
0 2 0 4 0 6 0 8 6 10 6 12 12 14 8 16
0 2 0 4
0 2
0 2 3 0 3 6 6 8 9 3
0 2
0 2 0 4 0 6 2 8 2 8 4 11 4 11 13 15 13 6 13 2 13 4 6 4
0 2 3 5 6 0 6 9 6 11 6 3 6 14 6 2
0 2 0 4 0 6 2 6 2 9 6 11 6 11
0 2 0 4 0 6 4 8 6 10 6 12
0 2 0 4 5 5 5 0 8 2
0 2 0 4 2 6
0 2 0 4 0 6 2 8 2 10
0 2 0 4 2 6
0 2 0 4 2 6 2 8
0 2
0 2 0 4 4 6
0 2 0 4
0 2 0 4 0 6 0 8 2 10 8 12 6 14
0 2 0 4 0 6 0 8 4 10 6 8
0 2 0 4
0 2 0 4 0 6 0 8 0 10 0 12 2 14 6 16 17 8 8 20 8 22
0 2 3 2
0 2 0 4 0 6 4 8 6 10
0 2 0 4 0 6 0 8 0 10 0 12 0 14 2 16 4 18 4 20 6 22 23 4 25 20 14 28
0 2
0 2 0 4 0 6
0 2 0 4
0 2 0 4
0 2 0 4 4 6
0 2 0 4 0 6 0 8 0 8 0 11 12 14 15 8
0 2 3 5 3 2 3 0
0 2 0 4 0 6 0 8
0 2 0 4
0 2 0 4 0 6 2 8 2 8 8 11 8 13
0 2 0 4 0 6
0 2 0 4 0 6
0 2 0 4 0 6 7 4 9 0
0 2 0 4 0 6 0 8 4 10
0 2
0 2 0 4 0 6 6 8
0 2 0 4 0 6 0 8 2 10 4 12 4 14
0 2 0 4 2 6
0 2 0 4 4 6
0 2 0 0 0 5 0 7 0 9 0 11 0 13 14 7
0 2 0 4 0 6 6 8
0 2 0 4 0 4 0 7
0 2 3 2
0 2 0 4 0 6 0 8 0 10
0 2 0 4 0 6 0 8 0 10 2 12 2 12 4 2
0 2 0 4
0 2 0 4 0 6 2 8
0 2
0 2 2 4 2 6 2 8 4 10 11 0
0 2 0 4 0 6
0 2 0 4
0 2 0 4 0 6 0 8
0 2 0 2 0 5 0 5
0 2 0 4 0 6
0 2
0 2 0 4 2 6
0 2 0 2 0 5
0 2 0 4 0 6
0 2
0 2 0 4 0 4 4 2
0 2 0 4 0 6 6 4
0 2 0 4 2 6 7 2 4 10 4 12
0 2 0 4 0 6 2 8 8 10 8 12 4 6 4 2 4 0
0 2 0 4 5 2 7 2
0 2
0 2 0 4 0 6 6 8
0 2 0 4 0 6 2 8 2 6 6 8
0 2
0 2 0 4 4 6
0 2 0 4 0 6 4 8
0 2 3 5 3 7 3 0 3 10 3 12 10 14 12 16
0 2 0 4 0 6 2 8
0 2 0 4
0 2
0 2 0 4
0 2
0 2 0 4 0 6 0 8 0 10 11 6 6 14 8 16 10 18
0 2 0 4 0 6 6 8
0 2 0 4
0 2 0 4 0 6 0 8 0 10 2 12 2 12 4 0 4 6 4 8 4 10 4 2 6 20 21 23 21 4 8 26 8 26 10 29 10 29
0 2 0 4 0 6 6 8
0 2 0 4 0 6 4 6 6 9 6 9
0 2 0 4
0 2 0 4 0 6 4 8
0 2 0 4 0 6
0 2 0 4 0 6 0 8
0 2 0 4 0 6 0 8 9 11 9 13 4 15 16 4 16 9 8 20
0 2 0 4 5 0
0 2 0 4 0 6
0 2 0 4 0 6 7 6
0 2 0 4 0 6 0 8 4 10 8 12
0 2 0 4 0 6 0 8 0 10
0 2 0 4 2 6
0 2 0 4 2 6 7 2
0 2 0 4 0 6 0 8 0 10 4 12 6 14
0 2 0 4 0 6 0 8
0 2 0 4 0 6 0 8 0 10 2 12 10 4 10 15 10 8 8 18 8 18
0 2 0 4
0 2 0 4 4 6
0 2 0 4 0 6
0 2 2 4
0 2 0 4 0 6 0 8 4 10
0 2 0 4 0 6 0 8 2 10
0 2
0 2 0 4 0 6 6 8
0 2 0 4 0 6 2 8 4 10 6 12
0 2 0 4 0 6 0 8 0 10
0 2 0 4 0 6 0 6 0 9 0 11 9 13 14 0
0 2 0 4 0 6 0 8 2 10 8 12
0 2 0 2 0 5 0 5 0 8 0 10 5 12 8 14
0 2 0 4 4 6
0 2 0 4 0 6 0 8 4 10 4 12
0 2 0 4 4 6
0 2 0 4 2 6
0 2 3 2 3 6 3 0 6 9
0 2 0 4 0 6 0 8
0 2 0 4 5 7 5 0 5 2
0 2 0 4 5 0 5 8 5 10 5 12 5 14 14 16
0 2 2 4 2 4 6 0 6 2
0 2 0 4 0 4 0 7 0 9 4 11 4 13 7 15
0 2 0 4 0 6 0 8 0 10 0 12 2 14 8 16 10 12 10 19 10 2 10 6 12 23 12 23
0 2 0 4 0 6
0 2
0 2 0 4 0 6 0 8 0 10 2 12 2 6 6 10 6 10 10 17 10 17 4 20
0 2 0 4
0 2 2 4
0 2 0 4 0 6 7 0
0 2 0 4 0 6 0 8 0 10
0 2 0 4 0 6 6 2
0 2 0 4 0 6 0 8 2 10 8 12
0 2 0 4 0 6 2 8 6 10
0 2
0 2 0 4 0 6 0 8 0 10
0 2 0 4 0 6 0 8 0 10 0 12 4 14 4 16
0 2 0 4 0 6 7 4
0 2 0 4 0 6 0 8 0 10 4 12 8 4
0 2 0 4 0 6 0 8 9 8 8 12
0 2 0 4 2 6
0 2 0 4 0 6 2 8
0 2 0 4
0 2 0 4
0 2 0 4 0 6 2 8
0 2 0 4 0 6 6 8
0 2 0 4 0 4 4 7
0 2 0 4 0 6 0 8 0 10 0 12 8 14 8 16
0 2 0 4 0 6
0 2 0 4 0 6 2 8
0 2 0 4 0 6 0 8 6 10
0 2 0 4 0 6 0 8 8 6 4 11
0 2 0 4 0 6 0 8 2 6 6 11 6 11 6 4 14 2 14 6 8 18
0 2 0 4 0 6 6 8
0 2 0 4 0 6 2 2
0 2 3 2 5 3
0 2 0 4 0 6 0 8 9 6 9 12 9 0 9 8 9 2
0 2 0 4 0 6
0 2 0 4 0 6 4 8 4 10
0 2 0 4 0 6 0 8 2 0 2 4 2 6 4 13 4 13
0 2 3 0
0 2 0 4 4 6 4 8
0 2 0 4 0 6 0 8
0 2 0 4
0 2 0 4 0 6 4 8
0 2 3 5 3 7 3 9 5 11 12 9
0 2 0 4
0 2 0 4 0 6 0 8 2 10 8 12
0 2 0 4 5 7 5 2 5 0 5 11 5 13 5 4 5 16 4 18 4 20
0 2 0 4 0 6 0 8
0 2 0 2 0 5 0 7 2 9
0 0 0 3 0 5 0 7 3 9
0 2 0 4 2 6
0 2 0 4 0 6 2 8 6 10
0 2 0 4 0 6 0 8 9 11 9 8 4 14
0 2 0 4
0 2 0 4 5 7 5 2 7 2
0 2 0 4 0 6 2 8 2 10
0 2 0 4 0 6 7 6 7 2 7 4 4 12 4 12
0 2 0 4 0 6 0 8 0 10 2 8 6 13 14 8 16 6
0 2 0 4 2 6
0 2 0 4 0 6 0 8 8 10
0 2 0 4
0 2 0 4
0 2 0 4 2 6 7 4 4 10
0 2 0 4 0 6 7 6
0 2 0 4 0 6 0 8
0 2 0 4
0 2 0 4 2 6
0 2 0 4 0 6 0 8 6 10
0 2 0 4 0 6
0 2 0 4 2 6 7 9 7 11 7 2
0 2 0 2 0 0 0 0 0 7 0 9 2 0 9 12
0 2 0 4 0 6
0 2 0 4 0 6 0 8 0 10 11 13 4 15 10 17 18 10
0 2 0 4 0 6 2 8
0 2 0 4 0 6 0 8
0 2 3 5 3 2 3 8 3 10 3 12 10 14
0 2 0 4 0 6 2 8
0 2 0 4 2 6 7 0 4 10
0 2 0 4 0 6 0 8 0 10 0 12
0 2 0 4
0 2
0 2 0 4 0 6 7 6
0 2 0 4 5 0 5 8 5 10 5 12
0 2 0 4 0 6 6 8
0 2 0 4
0 2 0 4
0 2 0 4 0 6 0 8 4 10 6 8
0 2 2 4
0 2 2 4 2 4 6 2 6 0 9 6
0 2 0 4 0 6 0 8 0 10 0 12 8 14
0 2 0 4 2 6
0 2 0 4
0 2
0 2
0 2 3 5 3 2 3 8 9 5
0 2 0 4 0 6 6 8
0 2 0 4 0 6 0 8 2 10
0 2 2 4
0 2 0 4 0 6 0 8 9 4
0 2 0 4 0 6 4 8
0 2 0 4 0 6
0 2 0 4 0 6
0 2 0 2 0 5 0 7 0 9 0 11 0 13 2 15 2 17 11 19
0 2 0 4 0 6 6 8 6 10 6 12 4 14
0 2 0 4 0 6
0 2 0 4 0 6 0 8 0 10 6 8 8 4 4 14 4 14 10 2 10 18
0 2 0 4 0 6 0 8 0 10 0 12 0 14 2 0 2 14 2 4 2 6 2 8 2 12 2 10 4 23 4 23 6 26 6 26 10 29 10 29
0 2 0 4 0 6 7 0
0 2
0 2 2 4 5 7 5 0
0 2 0 4 0 6 4 6
0 2 0 4 4 6
0 2
0 2 0 4 0 6 2 8 9 6
0 2
0 2 0 4 5 0 7 9 7 5 7 12 9 12 12 15
0 2 2 4 4 6
0 2 0 4 0 6
0 2 3 2
0 2 0 4 5 7 5 0 5 10 7 12
0 2 0 4 0 6 0 8
0 2 0 4
0 2 0 0 0 5 0 7 0 9
0 2 2 4 5 4 7 9
0 2 0 4 0 6 0 8 4 2 6 4
0 2 3 5 3 7 3 9
0 2 0 4 0 6 2 8
0 2 0 4 2 6 2 4 2 9 2 11
0 2 0 4 0 6 4 8
0 2 0 4 0 6 2 8
0 2 0 4
0 2 2 4 5 4
0 2 0 4
0 2 0 4 0 6 0 8 4 10 6 8 8 2
0 2 3 5 3 0 3 8 5 10 5 10 12 14 12 0 12 5
0 2 0 4 0 6 0 8 0 10 2 12 6 12 10 8 8 16
0 2 0 4 0 6
0 2
0 2 3 2
0 2 0 4 4 6
0 2 0 4 0 6 0 8 6 10 8 12
0 2 0 4 0 6 0 8 0 10
0 2 0 4 0 6 4 8 4 10
0 2 3 5 3 2 3 8
0 2 0 4
0 2 0 4 2 6
0 2 0 4 0 6 0 8 4 10 4 6 6 13 6 13
0 2 2 0
0 2 0 4 4 6 7 4 6 10
0 2 0 4 2 6 7 2
0 2 0 4 0 6
0 2 0 4 0 6
0 2 0 4 0 6 4 8 4 10
0 2 0 4 0 6 2 8 2 8 10 0 10 6 10 2 10 15 6 17 15 19
0 2 0 4 0 6 0 8 2 8 10 4 4 13 8 15 16 6
0 2 3 5 3 7 3 0
0 2 0 4 0 6 0 8 6 10
0 2 0 4 0 6 0 0 0 9 4 11
0 2 3 5 3 7 8 3 8 0 8 12 8 14 12 14
0 2
0 2 0 4 0 6 0 8 4 0 4 6 4 8 4 2 6 8 8 15 8 15
0 2
0 2 0 4 4 2
0 2 0 4 0 6 7 6 6 10 6 10 12 6
0 2 2 4 2 4 6 2 6 0
0 2 0 4 0 6 0 8 2 10
0 2 0 4 0 6 0 8 0 10 0 12 10 14 8 16
0 2
0 2 0 4 0 6 0 8
0 2 0 4 0 6 0 8 9 2 11 0
0 2 0 4 0 6 2 8 4 10
0 2 0 4 0 6 0 8 0 10 2 12 2 12 6 8 6 10 6 2 6 0 6 4 8 20 8 20
0 2 0 4 0 6 2 4 6 9
0 2 0 4 0 6 0 8 2 10 4 6 4 2 8 14
0 2 3 5 3 0
0 2 0 4 0 6 6 8 6 10
0 2 0 4 4 6
0 2 0 4 0 6 7 2 7 6 10 2
0 2 0 4 0 6 7 9 7 11 7 13 13 15
0 2 0 4 2 6
0 2 0 4 0 6 4 8
0 2 0 4 0 4 0 7 0 9 0 11 12 4 14 16
0 2 0 4 0 6 0 8 4 2 4 6 11 13
0 2 0 4 2 6
0 2 0 4 0 6 0 8 0 10 6 12
0 2 0 4 0 6 2 4 4 9
0 2 0 4 0 6 4 8
0 2 0 4 2 6 4 8
0 2
0 2 0 4 0 6
0 2 0 4 0 6
0 2 0 4 5 0 5 8
0 2 0 4 4 0 4 7 4 1 9 11 11 13 14 11 7 2 7 4
0 2 0 4 0 6 0 8 9 11 8 4 13 15
0 0
0 2 0 2 2 5
0 2 0 4 5 4 0 7 4 2 9
0 2 0 4 0 6 0 8 0 10 6 12 6 14
0 2 0 4 5 7 7 9 10 5 10 7 10 0 10 15
0 2 0 4 0 6 0 8 4 10
0 2 0 4 0 6 6 4 6 4 6 0 6 2 4 12 4 12
0 2 2 4
0 2 3 5 5 0
0 0 0 3
0 2 2 4 2 6
0 2 0 4
0 2 0 4
0 2 0 4 0 6 0 8 0 10 6 12
0 2 3 0
0 2 0 4 2 6 7 2 7 10 7 12 7 0 14 12 10 17 10 19
0 2 0 4 2 6
0 2 0 4 4 0 6 4
0 2 0 4 0 6 4 8 6 10 6 12 13 6
0 2 0 4 0 6 0 6 0 9 0 11 2 13 2 6 2 11
0 2 0 4 0 6 0 8 0 10 2 12 13 4 4 16 17 4 19 6 8 22
0 2 3 0 3 6 3 8
0 2 0 4 0 6 0 8 6 10
0 2
0 2 0 4 4 6
0 2 0 4 4 6
0 2 0 4 0 6 0 8 8 10
0 2 0 4 0 6 7 2 7 4 7 6 11 13
0 2 0 4
0 2 0 4 0 6 2 8
0 2 0 4 0 6 0 8 9 2 6 0 6 8 6 2 6 4
0 2 0 4 0 6 0 8 2 10 4 12
0 2 0 4 4 6 4 8 9 11 9 13 9 0 11 16
0 2 0 4 0 6
0 2 0 4 0 6 2 8 9 2 6 12 8 14
0 2 0 4 0 6 7 2
0 2 0 4
0 2 0 4 0 6 0 8 2 10 4 2 12 0
0 2 0 4 2 6
0 2 0 4 0 6 0 8 0 10 0 12 0 14 4 14 6 17 8 19 12 21
0 2 0 4 0 6
0 2
0 2 3 5 3 7 3 0 3 10
0 2 0 4
0 2 0 4 2 6 2 8 9 4 4 12
0 2 0 4 0 6 0 8 0 10 2 6 8 13
0 2 0 4 0 6 0 8 0 10 0 12 4 8 14 12 12 17
0 2 0 4 0 6 0 8 0 10 0 12 6 14 15 4 10 18
0 2 0 4 2 6
0 2 0 4 4 6
0 2 0 4 0 6 0 8 0 10 0 12 0 14 6 16
0 2 0 4 5 2 4 8
0 2 0 4 0 6 2 8
0 2 2 4 4 6
0 2 0 4 0 6 0 8 0 10 0 12
0 2 0 4
0 2 0 4
0 2 0 4 0 6 0 8 6 10
0 2 0 4 0 6 2 6 8 10 4 8 6 13 6 13
0 2
0 2
0 2
0 2 0 4 0 6 0 8 0 10 0 12
0 2 2 4
0 2 0 4
0 2 0 4 0 6 4 6
0 2 0 4 0 6 6 8
0 2 0 4 4 6
0 2 2 4
0 2 0 4 0 6 2 8 4 2
0 2 0 4 0 6 0 8 9 0
0 2 0 4 2 6 7 6 6 10
0 2 0 4 0 4 6 2 6 9 6 11 6 0 11 0
0 2 0 4 0 6 0 6 0 9 2 6 6 9 9 13 14 4
0 2 0 4
0 2 0 4 0 6 0 8
0 2 0 0 0 5 0 7 0 9 2 11
0 2 0 4 0 6 0 8
0 2
0 2 0 4 0 6 2 4 2 6 2 0 4 11 4 11 6 14 6 14
0 2 0 4 2 6
0 2 0 4 0 6
0 2 0 4
0 2 0 4 2 6 2 8
0 2 0 4 0 6 0 8 2 10 2 12 6 8 8 15
0 2 0 4 0 6 0 8 0 10 11 6
0 2 0 4 0 6 0 8 0 10 11 0
0 2 0 4 0 6 0 8 0 10 0 12 2 14 6 2
0 2 0 4
0 2 0 4 0 6
0 2 0 4 0 6 4 8
0 2
0 2 3 5 3 0
0 2 0 2 0 5 0 7 0 9 10 2 10 2 10 5 10 7 10 9
0 2 2 4 4 6
0 2 3 5 3 0
0 2 0 4 0 6
0 2 0 4 0 6 0 8 0 10 0 12 6 14 15 0 15 12
0 2 0 4 0 4 0 7 0 9 0 11 12 4 14 16
0 2 2 4 2 6 7 6 7 0 6 11
0 2 0 4 2 6 4 8
0 2 0 4 2 6
0 2 0 4 0 6 0 8 0 10 0 12
0 2 0 4 5 4 4 2 4 0
0 2 0 4 0 6 0 8 2 10 2 10 8 2
0 2
0 2 0 4 0 6 0 8
0 2 0 4 0 6 7 0 7 10
0 2 0 4 0 6 2 8 4 10 11 4 6 14 15 2
0 2 0 4 2 6
0 2
0 2 2 4 2 6 7 2 7 10 7 12 10 14 12 16
0 2 0 4 0 6 2 8
0 2 0 2
0 2
0 2 0 4 0 6 0 8 9 11
0 2 0 4 0 6 0 8 9 8 4 12
0 2 0 4 0 6
0 2 0 4 0 6 2 4 4 9 4 9
0 2 0 4 2 6
0 2 0 4 0 6 0 8 2 4 4 11
0 2 2 4 5 0
0 2 3 0 3 6
0 2 0 2 0 5 0 7 0 9
0 2 0 4 0 6 0 8
0 2
0 2 0 4 0 6 0 8 2 10 8 12
0 2 0 4 0 6 0 8 4 6 6 11
0 2 0 4 0 6 2 8
0 2 0 4 0 6 0 8 0 10 0 12 0 14 8 16
0 2 0 4 0 0 0 7 0 9
0 2 3 5 3 2 3 8 3 0
0 2 2 4
0 2 0 4 0 6 2 8 2 10 4 6 6 13
0 2 0 4 0 6 0 8
0 2
0 2 0 4 0 6
0 2 0 4 0 6 7 4 7 10 11 2 13 11
0 2 0 4 2 6
0 2 0 4 0 6 0 8 0 10 0 12 0 14 2 6 6 17 6 17 6 14 12 21
0 2 0 4 4 6 6 8
0 2 0 4 0 6 7 2 4 10 6 4 6 13
0 2 3 0 3 6 3 8 3 10 8 12 10 14
0 2 0 4 0 6
0 2 0 4 0 6 4 8 4 2
0 2 0 4 0 6 2 0 2 4 2 6 10 0 12 10 12 0
0 2 0 4 0 6 0 8 0 10 0 12 2 4 8 12 8 16 8 16 10 8
0 2 3 5 3 7 3 9 7 5 9 12
0 2 0 4 2 6
0 2
0 2 0 4 0 6 4 8
0 2 0 4 0 6 6 8
0 2 2 4
0 2 0 4 0 4 0 7 8 10 8 12 8 14 8 0 8 7 10 0 7 19
0 2 0 4
0 0 0 3 3 5 3 7 3 9 3 11 5 3 5 7 5 9
0 2 3 0 3 6 3 8 3 10 3 12 3 14 3 16 10 18 19 8 12 22 14 24
0 2 2 4 5 2 5 2 5 9
0 2 0 4 2 6 2 8 9 0
0 2
0 2 0 4 0 6
0 2 0 4 0 6 0 8 4 2
0 2 0 4 0 6 7 2 6 10
0 2 0 4
0 2 0 4 5 0 4 2
0 2 2 4
0 2 0 4 0 6 2 8
0 2 0 2 0 5 2 7 2 9 10 0 10 13 10 15 10 17
0 2 0 4 4 6
0 2 0 4 0 6 2 6 6 9
0 2 0 4 0 6 0 8 0 10 8 12
0 2 0 4 2 6 4 8
0 2 0 4 0 6 0 8 0 10 4 6 6 13 6 13 6 10 10 8 10 18 10 18 8 21 8 21
0 2 0 4 0 6
0 2 3 2 3 2 3 7 3 9 3 11 3 13 14 16
0 2 0 4
0 2 0 4 0 6 4 8 6 10
0 2
0 2 0 4 5 4 5 4
0 2 0 4 0 6
0 0 0 3 0 5
0 2 2 4
0 2 0 2 0 5 0 7 0 9 2 5 9 12
0 2 0 4 0 6 0 8 2 10 8 12 8 14 15 4
0 2 0 4
0 2 0 4 0 6 0 8 8 10 11 6
0 2 0 4 0 6 0 8 2 10 4 2
0 2 3 5 3 7 3 2 3 10 5 12
0 2 0 4 0 6
0 2 0 4 2 6
0 2 0 4 0 6 0 8 8 10 6 12
0 2 0 4 0 6
0 2
0 2 0 4 0 6 7 9 10 12 10 0
0 2 0 4 0 6 7 6
0 2 0 4 2 6
0 2 0 4 0 6 0 8 0 10 2 12 8 14
0 2 0 4
0 2 0 4 0 6 0 8 0 10 2 12 6 14 10 16
0 2 0 4 5 2
0 2 0 4 0 4 0 7 0 9 0 11 2 9 7 14 9 16
0 2 0 4 0 6 0 8
0 2 0 4 0 6 2 8
0 2 0 4 0 6 0 8 6 10 6 12
0 2 0 4
0 2 0 4 0 6
0 2 0 0 0 5 2 7
0 2 0 4 2 6 2 8
0 2 0 4 0 6 2 8 4 10
0 2 0 4 0 6
0 2 3 5 3 2 3 8 5 10
0 2 3 5 3 7 3 9 3 0
0 2 0 4 0 6 0 8 4 10 11 13 11 4 13 16 8 18 8 20
0 2 0 4 4 6 7 2
0 2 3 5 3 7 3 2 3 10 3 12 12 14
0 2 0 4 2 6 7 0
0 2 0 4 0 6 0 8 0 10 8 12
0 2 0 4 0 6
0 2 0 4 5 2
0 2 0 4 0 6 0 8 6 4 6 11 4 13 4 13 15 8
0 2 3 0 3 6
0 2 0 4 0 6 0 8 9 4
0 2 3 5 3 7 3 9 3 11 3 2 9 14 11 14
0 2 0 2 0 5 0 7 0 7 0 10 0 0 5 13 7 15 7 5 10 18
0 2 0 4 0 6
0 2 0 4
0 2 0 4 0 6 2 8 4 10 6 12
0 2 0 4 0 6 2 8 2 10
0 2 0 4 0 6 2 8
0 2 0 4 0 6 0 8 4 10 6 8
0 2 3 5 3 7
0 2 0 2 0 5 0 7 7 9
0 2 0 4
0 2 0 4 0 6 4 6 6 9 6 9 6 2
0 2 2 4 2 6
0 2 0 4 4 6 4 8
0 2
0 0 0 0 0 4 0 4 0 7 0 7 0 7 7 11 7 11
0 2 3 0
0 2 0 4 0 6 6 8
0 2 0 4
0 2 0 4 5 4
0 2 0 4 0 6
0 2 0 4 0 6 6 8
0 2 2 4 4 6
0 2 0 4 0 6 0 8 4 10
0 2 0 4 0 6 6 8
0 2 0 4 2 6 2 4
0 2 0 4 0 6 0 8 0 10 6 12 10 14 10 16
0 2
0 2 0 4 0 6 0 8 0 10 6 12
0 2 2 4
0 2 3 5 3 7 3 2 3 10 10 12
0 2 3 5
0 2
0 2 3 5 3 5 3 8 3 0
0 2 0 4
0 2 2 4 2 4 6 0 6 2
0 2
0 2 0 4 0 6 0 8 0 10 11 13 13 15 10 17
0 2 0 4 0 6 6 8 6 10 11 2
0 2
0 2 2 4 2 6
0 2 0 4
0 2 0 4 0 6 0 8 2 10 4 12
0 2 0 4 0 6 0 8
0 2 0 4 0 6 6 8
0 2 0 4 0 6 0 8
0 2 0 4 0 6 0 8 2 10 4 12
0 2 0 2 2 5 6 8 6 10 6 5 6 2 6 2 6 15 6 17 8 19 10 21 22 24
0 2 2 4 2 4 2 7 8 2 10 2
0 2 0 4 0 6 0 8 2 10 4 2
0 2
0 2 3 0 3 6 3 8 8 10 11 8
0 2 0 4 0 6 7 4
0 2 0 4 0 6
0 2 2 4
0 2 0 4 0 6 0 8 4 10 4 10 6 4
0 2
0 2 3 0 3 6
0 2 0 4 4 6 7 2 7 10
0 2 0 4 0 6 0 8 2 10
0 2 0 4 0 6 0 8 0 10 0 12 2 14 15 8
0 2 0 4 0 6 0 8 6 4 8 11
0 2 0 2 2 5 2 5
0 2 0 4 0 6 4 8 4 10
0 2 0 4
0 2 2 4 2 4 6 2
0 2 0 2 0 5 0 7 0 9
0 2 0 4 2 6
0 2 0 4 0 6 0 8
0 2 0 4 0 6 0 8
0 2 2 4 2 4 6 8 6 0 6 11 6 2 13 2 11 16
0 2 0 4 0 6 0 8 0 10 0 12 4 14 8 16 6 18 6 4
0 2 0 4 0 6 0 8
0 2 0 4 0 6
0 2 0 4 2 6 7 9 7 0
0 2 0 4 0 6 0 8 9 6
0 2 0 4
0 2 0 4 0 6 6 8
0 2 0 4 2 4 6 2 6 9 6 11 6 4
0 2 0 4 0 6 0 8 2 10 11 10 10 14
0 2 0 4 0 6 4 8
0 2 0 4 0 6 0 8 4 10 4 10 4 2 8 4 6 15 6 17
0 2
0 2 0 4 0 6 0 8 0 10 10 12
0 2 2 4 5 2
0 2 0 4 0 6 6 8
0 2 0 4
0 2 0 4 5 7 5 9 5 0 5 12
0 2 0 4 0 6 0 8 0 10 0 12 2 14
0 2 3 0
0 2 0 4 2 6 4 2
0 2 0 4 2 6
0 2 0 4 5 7 5 0
0 2 0 4 0 6 7 0
0 2 0 4 0 6
0 2 0 4 0 6 0 8 2 10 4 12 8 14
0 2 0 4
0 2 0 4 0 6 0 8 9 11 11 13
0 2 0 4
0 2 0 4 4 6
0 2 0 4 5 0
0 2
0 2 0 4 0 6 0 8 2 10 6 12
0 2 0 4 0 6 2 8 6 0
0 2 0 4 0 6 0 8 4 10 4 8 8 13
0 2 0 4 0 6 0 8 0 10 0 12 2 12 8 15 10 17
0 2 0 4 0 6 0 8 2 10 2 10 6 8 6 2 6 15
0 2 0 4
0 2 0 4 0 6 0 8 2 10 6 12
0 2 0 4 5 2
0 2 0 4 0 6 0 8 0 10 2 12 2 12 4 0 4 2 4 6 4 18 4 8 4 10
0 2 0 4 2 6
0 2 0 4 0 6
0 2 0 4
0 2
0 2 0 4 0 6 0 8 2 10
0 2 0 4 2 6
0 2 0 4 2 6
0 2 0 4 0 6 0 8 0 10 2 12 8 14
0 2 0 4 2 6 7 9 10 7
0 2 0 4 0 6 4 0 4 6
0 2 0 0
0 2 0 4 0 6 4 8
0 2 3 5 6 2 6 9
0 2 0 4 0 6 0 8 4 10 4 10 12 2 12 4 12 6 12 8
0 2 0 4
0 2
0 2
0 2 2 0
0 2 0 4 0 6 0 8 2 10 2 12 4 14
0 2 0 4 0 6 0 8 2 10 6 12
0 2 0 4 4 6
0 2 0 4 0 6 0 8 0 10 2 12 4 14 4 16 17 4
0 2 0 4 5 2 5 8 5 10 5 0
0 2 0 4 2 6 2 6 4 9 4 9 11 2 11 4
0 2 0 4 0 6 0 8 0 10 4 12 6 4 14 16 16 15 16 19 15 2 10 22 19 2
0 2 0 0 0 5 0 7 0 9 0 11
0 2 0 2 0 5 0 7 0 9 5 11 9 13
0 2 0 4 2 6
0 2 0 4 4 2 4 0
0 2 0 4 0 6 0 8 4 6
0 2 0 4 2 6 2 8
0 2 0 4 0 6 7 6
0 2 2 4
0 2 2 4 5 2 5 0 5 9 5 4 5 12 5 14 4 14 16 4
0 2
0 2 0 4 0 6 7 0
0 2
0 2 0 4 0 6 2 8
0 2 2 4
0 2 0 4
0 2 0 2 0 5 2 7 2 9 10 0 12 14 12 16 12 18 14 10
0 2
0 2 2 4
0 2 0 4 4 6
0 2 0 4 2 6
0 2 0 4 0 6 2 8 9 0
0 2 0 4 0 6 6 8 8 10
0 2 3 5
0 2 0 4 0 6 0 8 0 10 0 12 12 14 4 16
0 2 0 4 2 6 7 9
0 2
0 2 0 4 0 6 0 8 0 10 6 12 6 12 14 16 14 6 14 8
0 2 2 4
0 2 0 4 0 6
0 2 0 4 0 6 4 8
0 2 0 4 0 6 0 8 4 10
0 2 0 4 4 6
0 2
0 2 3 5 3 7 8 0
0 2 0 4 0 6 7 6 7 2
0 2 3 5 3 5 3 8 3 10 5 10
0 2 0 4 0 6 0 8
0 2 0 4 0 6 0 8 6 8 8 11
0 2 0 4 0 6
0 2 0 4 0 6 0 8
0 2 0 4
0 2 0 4 2 6
0 2 0 4 0 6 4 8
0 2
0 2 3 5 3 2 3 8
0 2 3 2 3 6 3 8 3 0 3 11
0 2 0 4 0 6 0 8 0 10 0 12 8 10 8 2 8 6 10 17 4 19 6 21 12 2
0 2 0 4 0 6
0 2 0 4 0 6
0 2 0 4
0 2 0 4 4 6
0 2 0 4 0 6 0 8 6 10
0 2
0 2 0 4 2 6 4 2 8 4
0 2 0 4 0 6 0 8 0 10 0 12 6 12 12 15 12 15 12 4 10 19 20 2
0 2 0 4 0 6 0 8 9 8 8 12 8 14
0 2 3 5 3 7 3 9 3 2 5 12 7 14 9 14
0 2 0 4 0 6 0 8 0 10 0 12 8 12 8 10 8 2 8 0 8 4 8 6 6 20 6 20
0 2 0 4 0 6 0 8 6 2 6 8
0 2 0 4 0 6 4 8
0 2 2 4
0 2 2 4
0 2 0 4 0 6 0 8 9 11 12 14 12 11 12 17 8 19
0 2 0 4 2 6 2 8
0 2 0 4
0 2 0 4 0 6 7 2
0 2 0 4 0 6 4 8
0 2 0 4 5 7 5 2 9 11
0 2 0 4 0 6 2 8 2 8 4 2
0 2 2 4 5 7 5 2 9 5 9 2 9 13
0 2 2 4
0 2 0 4 0 6 0 8 0 10 8 12 10 14
0 2 2 4
0 2 0 4 0 6 2 8 9 4 9 4 6 13
0 2 0 4 0 6 0 8 0 10 2 12 6 2 14 16
0 2 0 4 5 2
0 2 0 4 5 7 8 0
0 2 0 4 0 6 4 8 4 10
0 2 0 4 0 6 0 8 9 8
0 2 0 4 0 6 0 8 4 10
0 2 0 4
0 2 0 4 5 0
0 2
0 2 0 4 0 6 6 8
0 2 0 4 2 6
0 2
0 2 2 4 5 7 8 4 8 11 8 13 8 0 8 2 8 17 8 5 8 7 17 21
0 2 0 4 5 4 5 8
0 2 0 4
0 2 0 4 0 6 0 8 0 10 0 12 6 14 15 17 17 4 8 10
0 2 0 4 0 6 4 8 4 10
0 2 0 4 0 6
0 2 0 4 0 6 0 8 2 10 8 2 8 6
0 2 0 4 2 6 4 8
0 2 0 4 0 6 0 8 0 10 6 0 6 2 6 4 6 8 6 10 8 17 8 17
0 2 0 4 0 6 4 8
0 2 0 4
0 2 0 4 0 4 4 7
0 2 0 2 0 5 0 7 2 9 5 11 7 13
0 2 2 4
0 2 2 4 4 6 7 2
0 2
0 2 0 4 0 6 0 8 9 6
0 2 0 4 4 0 6 8
0 2 0 4 0 6 0 8 4 10 4 12 6 8 6 15 8 17 8 17 8 2
0 2 0 4 0 6 0 8 0 10 4 12 10 14
0 2 0 4
0 2 0 4 0 6 0 8 0 10 0 12 4 14 8 16
0 2 0 4 0 4 0 7
0 2 0 2 0 5 2 7
0 2 0 4 0 6 0 8 0 10 2 0 2 8 2 10 2 4 2 6 10 17 10 17
0 2 3 5 3 7 3 9 3 0 5 12 7 14 15 0 17 5
0 2 2 4 2 6 6 8 9 11 9 0 9 14 9 16
0 2 0 4 4 6
0 2 0 4 0 6
0 2 0 4
0 2 0 4 0 6 0 8 0 10 6 12 6 14 4 8
0 2 0 4
0 2 0 4
0 2 0 4 0 4 0 7 0 9 0 11 7 13 14 16 14 18 9 14
0 2 0 4 0 6 4 8 6 10
0 2
0 2 0 4 5 2
0 2 0 4 0 6 7 4 4 10 6 12
0 2 0 4 0 6 7 2 7 4 7 0
0 2 2 4 2 6 2 8 4 10 4 12 6 14
0 2 0 4 0 6 0 8 2 10
0 2 0 4 0 6
0 2 0 4 0 6 0 8 8 10
0 2 3 5 3 7 5 9 5 9 7 3 7 13 7 15 7 5 17 7 19 5
0 2 0 4 0 6 0 8
0 2 0 4 0 6
0 2 0 4 0 6 0 8 0 10 4 12 10 14
0 2 0 4 0 4 0 7 0 9 0 11 2 4 2 0 14 11 11 17 7 19
0 2 0 4 0 6 2 8
0 2 0 4 2 6
0 2 3 5
0 2 0 4 0 6 2 8 6 10
0 2 0 4 0 6 4 8
0 2 3 5 3 7 3 9 3 11 3 13 3 2 3 16 7 18 13 20
0 2 0 4 0 6 7 2 9 11 12 4 12 6 15 6
0 2 0 4 4 6
0 2 0 4 0 6 0 8 0 10 0 12 0 14 0 16 6 18 8 20
0 2
0 2 0 4 5 0 5 8 5 10 10 5 12 2
0 2 0 4 0 6 6 8
0 2 0 4 5 7
0 2
0 2 0 4 0 6 0 8
0 2 0 4 4 6 7 0
0 2 0 4 0 6 0 8 4 10
0 2 2 4 5 7 5 9 9 2 11 2 11 0
0 2 3 0 3 6 3 2 6 9
0 2 0 4 0 6 2 8 6 10
0 2
0 2 0 4 0 6 0 8 9 4
0 2 2 4 2 6 7 2 7 10
0 2 0 4 0 6 0 8 0 10 10 12
0 2 0 4 0 6 0 8 0 10 0 12 0 14 2 16 2 16 4 19 4 19 6 8 6 10 6 12 6 14 6 0 6 2 6 4 10 29 10 29
0 2 0 4 0 6 6 8 6 10
0 2 0 4
0 2 0 4 0 6 4 2 6 9
0 2 0 4 0 6 0 8 2 10 11 4
0 2 0 4 0 6 0 8 0 10 6 12 10 6
0 2 3 0 3 6 7 0 7 2
0 2 0 4 0 6 0 8 0 10 6 12
0 2 2 4 2 6 4 8
0 2 0 4
0 2
0 2 0 4 4 6
0 2
0 2 3 2 3 6 3 8
0 2 0 4
0 2 0 4 2 4 4 7 4 7
0 2 3 5 3 0 3 8 5 10 11 5
0 2 0 4 0 6 2 8
0 2 0 4 0 6 0 8 0 10 11 8
0 0 0 3 0 5 0 7 8 0 10 7
0 2 0 4 0 6 6 8
0 2 0 0 0 5 2 7
0 2 0 4 0 6 0 8 6 8 8 11
0 2
0 2 0 4
0 2 0 4 5 7 5 0
0 2 0 4 0 6 0 0 0 9 0 11 0 13 0 15 0 17 4 19 4 21 15 23 17 15
0 2 0 4 0 6 0 8 2 10 11 0
0 2 0 4 2 6
0 2 0 4 0 6 7 6
0 2
0 2 0 4 2 6 4 8
0 2 3 5 3 0 5 8
0 2 0 4
0 2 0 4 0 6 0 8 8 6
0 2 2 0
0 2 0 4 0 6 2 8 2 8 4 2
0 2 0 4 2 6
0 2 0 4 4 6
0 2 3 2 3 6 3 0 6 9
0 2 0 4 0 6
0 2 0 4 0 6 2 8 9 2 11 9
0 2 0 4 2 6 4 8 4 10
0 2 0 4 0 6 2 8 2 8 6 2 6 0 6 4
0 2 0 4 0 6
0 2
0 2 0 4 0 6 0 8 8 10 8 12
0 2
0 2 0 4 0 6 0 8 8 10
0 0 0 3 0 5
0 2 0 2 0 5 0 7 2 7 2 10
0 2 0 4 4 6 4 8
0 2 0 4 0 0
0 2 2 4 2 4 2 7 2 7 9 2 9 12
0 2 0 4 0 6 2 8 6 10
0 2 0 4 0 6 0 8 0 10 0 12 0 14
0 2 3 5 3 7 3 0 3 10 3 12 5 14 5 16 7 18 19 10
0 2 0 4 0 6 0 8 0 10 0 12 2 12 4 12 4 10 10 17
0 2 2 4 2 6 6 4 4 9 4 9 11 2
0 2 0 2 0 5
0 2 0 4 0 6 0 8 9 2 6 12 8 14
0 2 0 4 0 6
0 2 0 4 0 6 0 8 6 10 11 13 8 15
0 2 0 4 0 6 2 8
0 0 0 3 0 5 5 7
0 2 0 4 0 6 6 8 6 10
0 2 0 4 0 6 0 8 2 10 8 12
0 2 3 5
0 2 0 4 0 6 0 8 6 10
0 2 0 4 0 6 2 8 9 4 9 6
0 2 0 2 0 5 0 5 0 8 0 8 5 11 5 11
0 2 0 4 0 6 6 8
0 2 0 4 0 6 0 8 0 10 0 12 6 14 15 2 8 18
0 2 0 4 0 6
0 2 0 4 2 6 7 0 7 7
0 2 0 4 5 7 5 4 4 10
0 2 0 4 0 6 0 8 4 10
0 2 0 4 4 6
0 2 0 4 0 6 0 8 0 10 6 8
0 2 2 4
0 2 0 4 0 6 0 8 0 10 0 12 2 0 2 8 2 6 2 10 2 12
0 2 3 2 3 6 3 8
0 2 0 4 0 6 4 8 4 10
0 2
0 2 0 4 0 6 0 8 0 10 0 12 6 14 8 16 10 18 10 20
0 2 0 0 0 5 0 7 5 9 5 11 7 13
0 2 0 4 2 6 2 8
0 2 3 0 3 6 3 8
0 2 0 4 0 6
0 2
0 2 0 4 0 6 0 8 8 10
0 0 0 3 0 5 0 5 0 8 0 10 0 12 0 14 0 16 5 18 10 20
0 2 2 4
0 2 0 4 0 6 2 8
0 2 2 4
0 2 0 2 0 5 2 7 5 9 9 11
0 2
0 2
0 2 0 4 0 6 6 8
0 2 0 4
0 2 2 4 5 2 5 0
0 2 2 0
0 2 0 4 0 6
0 2 0 4 0 6 0 8
0 2 0 4 4 6 7 0
0 2
0 2 0 4 0 6 4 8 9 4 6 12
0 2 2 4 5 0 5 8 5 2
0 2 0 4 0 6 0 8 0 10 2 12 2 12 2 12 15 4 15 6 15 8 15 10 15 2 4 22 4 22 8 2 25 15
0 2 0 4 0 6 0 8 8 4 6 8 6 2 6 0 6 4 14 0 14 17
0 2
0 2 0 4
0 2 0 4 0 6 0 8 8 10
0 2 0 4 0 6 4 6 6 9 6 9
0 2 0 4 0 6 0 8 6 10
0 2 0 4 0 6 0 8 2 10 4 10
0 2 0 4 0 6 0 8 4 10
0 2 0 4 0 6 0 8 2 10
0 2 0 4 0 6 0 8
0 2
0 2 0 4
0 2 0 4 2 6 2 6 8 0 8 2 8 12 12 14
0 2 0 4 0 6 4 8
0 2 0 4 0 6 0 8 0 10
0 2 0 4
0 2 0 4 0 6 6 0 6 2 6 4
0 2 0 4 0 6 6 8 6 10
0 2
0 2 0 4 5 2
0 2 3 5 3 7 3 0
0 2
0 2 0 4 0 6 0 8 0 10 11 4
0 2 0 4 0 6 0 8 0 10 0 12 0 14 0 16 2 18 6 2
0 2 0 4 0 6 0 8 2 10 2 12 8 14
0 2 0 4 0 6 4 6 8 6
0 2 0 4 4 6
0 2 0 4
0 2 0 4 4 6
0 2 2 4
0 2
0 2 2 0
0 2 0 4
0 2 0 4 0 6 0 8 4 0 4 6 4 8 4 2 13 15 13 0 6 18 6 18
0 2 0 4 2 6
0 2 0 4 0 6 2 6 6 9
0 2 0 4
0 2 0 4 0 6
0 2 0 4 0 6 6 8 4 10 11 6
0 2 2 4 2 6 2 8 6 10 6 12 8 14
0 2 0 4 0 6 7 9
0 2 0 4 2 6
0 2 0 2 0 5 0 7 2 9 2 11 5 13
0 2 0 4 4 6 4 2
0 2 0 4 0 6 2 8
0 2 0 4 0 6 0 8 0 10 0 12 0 14 6 16 10 18
0 2 0 4 2 6 4 8
0 2 0 4 4 6
0 2 0 4 0 6 0 8 2 10 2 12
0 2
0 2 0 4
0 2 0 4 0 6 0 8 4 2
0 2 0 4 0 6 0 8 9 4 4 12 13 8 6 16 6 18
0 2 0 4 0 6 0 8 0 10 6 12
0 2 2 4 5 7 5 9 5 11 5 0 9 14 15 9
0 2 0 4 4 6 4 8
0 0 0 3
0 2
0 2 0 4
0 2 0 4 0 6 0 8 0 10 4 8 12 8 8 15 8 15 6 18 6 20
0 2 0 4 2 6 7 9 9 11 4 9 4 14 4 16 16 11
0 2 0 4
0 2 0 4 0 6 0 8 4 10 8 12 13 6
0 2 0 4 0 6 0 6 2 9 2 6 2 6 12 4 6 15 6 15 6 18 6 18
0 2 0 4 2 6 4 8
0 2 0 4 2 6
0 2 0 4
0 2 0 4 4 0 4 2 7 4
0 2 0 4
0 2 3 0 3 6 3 8 3 10 11 10
0 2 0 4 2 6
0 2 0 4 2 6 2 6 4 9 4 9 11 2 11 4
0 2 0 4 0 6 0 8 4 10
0 2 0 4 0 6 0 8
0 2 0 4 2 6 4 8
0 2 0 4
0 2
0 2 0 4 4 6
0 2 0 4 0 6 7 9
0 2 0 4 0 6 2 8 4 10 6 12
0 2 0 4 2 6 7 4 4 10
0 2 0 4 0 6 0 8 4 10
0 2 3 2
0 2 0 4 0 6 4 8
0 2 0 4 0 6 0 8 0 10 0 12 2 14 6 16 6 16 6 16 6 20 21 6 12 24 8 26 26 28 29 6
0 2 0 4 0 6
0 2 0 4 0 6 4 8 4 10
0 2 0 4 0 6 0 8 0 10 0 10 12 10 14 16
0 2 0 4 0 6 0 8 0 10 0 12 0 14 6 8 6 12 6 14 6 10 6 0 6 2 6 4
0 2 0 4 0 6 0 8 2 10 6 12 8 14
0 2 0 4 0 6 0 8 2 10 6 12
0 2 0 4 0 6 6 4
0 2 0 4 4 6
0 2 0 4 4 6 7 4 9 0 9 12
0 2 0 4 0 4 6 0 8 0
0 2 0 4 0 6
0 2 0 4 0 6 0 6 2 9 10 4 6 13
0 2 0 4 4 6
0 2 0 4 4 6
0 2 0 4 0 6 0 8 4 10 8 12
0 2 0 4 0 6
0 2 0 4
0 2 0 4 5 7 8 0 8 7
0 2 3 2 3 6 3 0 6 9
0 2 0 4 0 6 0 8 6 2
0 2 0 4 0 6 2 8 6 10
0 2 0 4 0 6 0 8 4 10 4 10 10 13 10 15 8 17
0 2 0 4 5 2 5 8
0 2 0 4 0 6 0 8 9 0 4 8
0 2 0 4 0 6
0 2 0 4
0 2 0 4 0 6 7 9
0 2 0 4 5 2 5 4 8 0 8 5
0 2 0 4 0 6 4 6 8 2
0 2 0 4 0 6 0 8 0 10 2 12 4 14 4 16
0 2 0 4 0 6 2 8
0 2 0 4 0 6
0 2 0 4 2 6
0 2 2 4 2 6 2 8 9 2 9 8 9 13 9 6 9 16 13 18 16 20
0 2 3 5 3 7 3 0 3 2 5 11
0 2 0 4 5 4
0 2 0 4 0 6 0 6 4 9
0 2 0 4 5 7 5 0
0 2 2 4 2 6
0 2 0 4 0 6 2 0 2 9 2 11 2 13 2 5 9 16 13 18
0 2 0 4 0 6 0 8 0 10
0 2 0 4 0 6
0 2
0 2 0 4 0 6
0 2 2 4
0 2 0 4
0 2 0 4
0 2 0 4 2 6
0 2 0 4 0 6 0 8
0 2 0 4
0 2 0 4 0 6 2 8
0 2 0 4 0 6 2 8
0 2 0 4 0 6 2 6 6 9 6 9
0 2 0 4
0 2 0 4 0 6 0 8 2 4 6 2 8 6
0 2 0 4 0 6 0 8 4 10
0 2 0 4 0 6 0 8 2 0 2 4 2 8 4 8
0 2 0 4 0 6 4 8 9 0
0 2 0 2 0 5 6 5 5 9 5 11
0 2 0 4 0 6 0 8 2 10 2 12 13 6 15 4
0 2 0 4 0 6 2 8 6 10
0 2
0 2 0 4 5 4
0 2
0 2 0 4 0 6 7 0 9 11
0 2 0 4 0 6
0 2 0 4 0 6 2 8 2 8 4 2 4 12
0 2 0 4 0 6 6 8
0 2 0 4
0 2 0 4 0 6 0 8 4 10 11 4
0 2 0 4 0 6 4 6
0 2 0 4 0 6 6 0 6 2 6 10 10 6 10 2
0 2 0 4 0 6
0 2 0 4 0 6
0 0 0 3
0 2 2 4 5 2 5 8
0 2 0 4 0 6 0 8 0 8 0 11 0 13 4 15
0 2
0 2 2 4 2 6 7 9 7 2
0 2
0 2 0 4 0 6 0 8 2 10 8 12
0 2 0 4 0 6 0 8 0 10 4 12
0 2 2 4 2 6 7 9
0 2 0 4 0 6
0 2 0 4 0 6
0 2 0 4
0 2 0 4 0 6 0 8 0 10 0 12 0 14 12 16
0 2 0 4 2 6 2 6 8 2 8 4 8 0 4 13 4 13
0 2 0 4 0 6 0 8 2 10 2 12
0 2 0 4 0 6 6 2 6 4 6 0 4 11 4 11 13 6
0 2 0 4 4 6
0 2 0 4
0 2 2 4
0 2 0 4 0 4 0 7
0 2 0 4 4 6
0 2 2 4
0 2 0 4 0 6 2 8 2 8 2 11 2 11 13 4 13 6 13 2
0 2 0 4 0 6 0 8 2 10 6 12 13 0
0 2 0 4 4 6 4 8
0 2 3 2 3 0 3 7
0 2 0 4 0 6 0 8 9 8
0 2
0 2 0 4 0 6 0 8 2 10 2 12
0 2 0 4 0 6 0 8
0 2 0 4 0 6 4 8 6 10 11 4
0 2 0 4 0 6 0 8 2 6 4 2
0 2
0 2 0 4 0 6 0 8 0 10 0 12 2 14 4 16 6 18 10 20 21 4
0 2 0 4 0 6 2 4 8 10 6 8 6 2 6 4
0 2 0 4
0 2
0 2 0 4 4 6 7 0 9 0
0 2 0 4 0 6 0 8 0 10 0 12 2 14 4 16 8 2
0 2 0 4 0 6 0 8
0 2
0 2 2 4 2 4 6 2 8 2
0 2 0 4 2 6 2 6 8 2 8 4 4 12 4 12
0 2 0 4 0 6 0 8
0 2 0 4 2 6 4 2 8 10 8 12
0 2 0 4 2 6 2 6 8 10 8 4 8 2 13 15
0 2
0 2 0 4 0 6 0 8 8 10
0 2 0 4 5 2 5 4 4 9 4 9
0 2 0 4
0 2 0 4
0 2 0 4
0 2 0 4 0 6 7 9
0 2 0 4
0 2 0 4 0 6 2 8 9 4 4 12
0 0 0 3 0 5 0 7
0 2 0 4 0 6 0 8 0 10 0 12 6 12 6 4
0 2 0 4 0 6 0 8 0 8 0 11 2 13 11 2
0 2 0 4
0 2 3 5 5 7
0 2 3 2 5 2
0 2 0 4
0 2 0 4 0 6
0 2 0 4 0 6 0 8 0 10 2 8 6 8 6 4 10 6
0 2 0 4 0 6 0 8 0 10 2 12 4 2
0 2 0 4 5 0
0 2 2 4 5 7 5 4
0 2 0 4 0 6 0 8 0 10 0 12
0 2
0 2 0 4 0 6 0 8 0 10 4 12 6 14
0 2 0 4
0 2 0 4
0 2 0 4 2 6
0 2 0 4 0 6
0 2
0 2 0 4 4 6
0 2 0 4 0 6 6 8 9 6
0 2 0 4 0 4 2 7 8 2 8 11 8 13 8 0 11 0 13 17
0 2 0 4 2 6
0 2 0 4
0 2 0 4 0 6 0 6 0 9 0 11 2 13 6 15
0 2
0 2 0 4 0 6 0 8 2 10
0 2 0 4 0 6 0 8 6 10
0 2 0 4
0 2 0 4 5 4
0 2
0 2 0 4 4 6
0 2 0 4
0 2
0 2
0 2
0 2 0 4 0 6
0 2 0 4 0 6 2 8
0 2 0 4 0 6 7 4
0 2 2 4 2 4 6 0 6 2
0 2 0 4 0 6 0 8 6 10 8 12
0 2 0 4 2 6 2 8
0 2 3 5 3 7 3 2
0 2 0 4 2 6 4 2 4 2 4 10 4 12
0 2 0 4 0 6 0 8
0 2 0 4 0 6 0 8 0 10 2 12 6 10
0 2 0 4
0 2 3 2 3 0
0 2 0 4
0 2 0 4 2 4 6 8 6 10 6 12 6 2 4 15 10 17 18 12 12 21
0 2 0 4 0 6 0 8 0 10 0 12 4 14 12 2 6 2 8 6 8 10 10 20 10 20
0 2 0 4 2 6 2 6 4 2
0 2 0 4 0 6 0 8 4 10
0 2 0 2
0 2 3 0
0 2 0 4 0 6 2 4 4 9 4 9 11 4 6 14
0 2 3 5 5 2
0 2
0 2 0 2 0 5 0 7 5 2
0 2 0 4 0 6
0 2 0 4
0 2 0 4
0 2 0 4 0 6 0 8
0 2 0 4 0 6
0 2 0 4 2 6 7 9 7 4 7 12 9 14
0 2 3 5 3 7 3 0 5 10
0 2 0 4 4 2
0 2 0 4 0 6 0 8 0 10 8 12
0 2 3 5 3 7
0 2 0 4 2 6 7 0
0 2 2 4 5 2 7 2
0 2 0 4 0 4 4 2 4 8 9 2
0 2 0 4 0 6 0 8 2 6 6 11 6 11
0 2
0 2 0 4 0 6 2 8 4 10 8 12
0 2 0 4 0 6 2 8
0 2 2 4 2 6 6 8
0 2 0 4 2 0 2 7 7 9
0 2 3 0
0 2 0 4 0 6 2 8 9 2
0 2 0 2 0 5 0 5 0 8 0 10 8 10 8 5 8 0 8 2 15 8
0 2 0 4 5 0
0 2 0 4 0 6 0 8 4 10 4 12 13 2 13 4 13 12
0 2 0 4 0 6 0 8 0 10 2 12
0 2 0 4
0 2 0 4 5 7 4 9 10 12 13 7
0 2 0 4 0 6 0 8 0 10 0 12 2 4 8 2
0 2 0 4 0 4 0 7 0 9 10 12 9 14
0 2 0 4 5 7 5 7 5 0
0 2 0 4 0 6 0 8 0 10 2 12 13 15 6 15 6 18
0 2 0 4 0 6 2 6 2 0 2 4 10 2
0 2 2 4 2 6 7 2 7 10
0 2
0 2 2 4
0 2 0 4 0 6 2 8 6 10
0 2
0 2 0 4 5 7 5 9 5 0
0 2 0 4 0 6 0 8 2 10 4 6 6 13 6 13 15 8 8 18
0 2 0 4 2 6
0 2 0 4 0 6 6 8
0 2 0 4 2 2
0 2 0 4 0 6 2 8 2 8 2 6 4 2 6 13
0 2 0 4 4 6
0 2 0 4 0 6 2 8
0 2 0 4 0 6 0 8
0 2 0 4 4 6 4 8
0 2 0 4 0 6 6 8
0 2 0 4 0 6 2 4 4 9 4 9 6 2
0 2 0 4
0 2 0 4 0 6
0 2 0 4 0 6
0 2 0 4 0 6 0 8 2 10 2 12 13 6
0 2
0 2 0 4
0 2 0 4
0 2 0 4 0 6 6 8 6 10
0 2 0 4 4 6
0 2 3 5 3 7 3 0 3 10 3 12 3 14 12 16
0 2 0 4 0 6 4 8 9 11 9 6
0 2 0 4 2 6 2 8 6 10 4 12 4 12 14 2 14 4
0 2 0 4 0 6 0 8 9 6 4 12 8 14
0 2 0 4 0 6 0 8 0 10 10 4 6 13 6 13 8 16 8 6
0 2 0 4 5 4 5 8 5 10 11 5
0 2 3 2 3 6 3 8 3 10 3 12 3 14
0 2 2 4 5 0 5 8 8 10 8 8 4 13
0 2 0 4
0 2 0 4 4 6
0 2 3 2 3 6 6 2 6 9
0 2 0 4 2 6 2 8
0 2 2 4
0 2 0 4 0 6 0 8 0 10 0 12 12 2 12 6 12 10 12 17 4 19 6 21 6 21 10 24
0 2 0 4 0 6 2 8
0 2 0 4 4 6
0 2 0 4 0 6 2 8 6 10
0 2 0 4 2 6 4 8 9 2
0 0 0 3
0 2 0 4
0 2
0 2 0 4
0 2 0 4 0 6 7 6
0 2 0 4 4 2
0 2
0 2 0 4
0 2 0 4
0 2 0 4 0 6 0 8 2 10 4 8 6 13 6 13 6 16 6 16 8 19 8 19 8 6 8 6
0 2 0 4 0 6 7 4
0 2 3 5
0 2 0 4 0 6 4 8 4 6 6 11
0 2 0 4 0 4 6 0 8 10 8 2 8 0 8 6
0 2 0 4 5 4
0 2 0 4 0 6 0 8 0 10 2 12 4 2 6 15 16 8
0 2 0 4 0 6 0 8 0 10 4 12 8 14 12 16 10 18 19 10
0 2 0 4 4 6
0 2 0 4 0 6 2 8 6 10
0 2 0 4 0 6 0 8 0 10 2 0 2 6 2 8 2 10 2 4 16 4 6 19 6 19 8 22 8 22 8 25 8 25
0 2 2 0
0 2 0 0 0 5 0 7 0 9 0 11 2 13 14 7
0 2 0 4 0 6 0 8 2 10 2 8 12 2 12 8 4 16
0 2 0 4 2 6
0 2 0 4 0 6 0 8 4 10 4 6 6 2 6 14 6 14 8 17
0 2 0 2
0 2 0 4 5 0 7 2
0 2 0 4
0 2 2 4 5 7 5 2
0 2 0 4 5 4
0 2 3 5 3 7 3 9 10 3 10 5 10 0
0 2 0 4 4 6 6 8 9 0
0 2 0 4
0 2 0 4 0 6 0 8 2 10 8 2
0 2 0 4 2 6 4 8
0 2
0 2 0 4 0 6 2 8 6 10
0 2 0 4 0 6 0 8 0 10
0 2 3 2 5 7
0 2
0 2 2 4 5 7 5 9 5 5 5 12 5 14 7 16 7 2 14 19
0 2 0 4 0 6 0 8 0 10 8 12 8 6
0 2 0 4
0 2 2 4 2 6 2 8 2 10
0 2 0 4 0 6 0 8 0 10 0 12 2 14 2 16 8 18
0 2 0 4 0 6 0 8 0 10 0 12 2 14 2 14 6 17 6 2
0 2 0 4 0 6 2 8 6 10 11 4
0 2 0 4 0 6 0 8 2 10 8 12
0 2 2 4 5 0 5 8 5 2
0 2
0 2 0 4 0 6 2 6 6 9 6 9
0 2
0 2 0 4 0 6 4 2 4 0 4 6
0 2
0 2 0 4 2 6
0 2 3 5 5 7 8 2
0 2 0 4 0 6 6 8 6 10 10 12
0 2 0 4 0 6 0 8 0 10 2 12 4 12 4 12 6 4 16 8 8 19
0 2 3 0
0 2 0 4 0 6 0 8 2 10 4 12 4 12 4 8 6 4 8 17
0 2 3 5 3 2 3 0 5 2
0 2 2 4 5 2 7 9 9 11
0 2 0 4 0 6 0 8 6 10 6 12 13 2 8 16 8 18
0 2 3 2 3 6 3 8
0 2 0 4 0 6
0 2 3 0
0 2 0 4 0 6 0 8 0 10 0 12 0 14 0 16 17 19 17 6 17 14 17 4 23 12 25 0
0 2 0 4 5 2
0 2 0 4 0 6
0 2 0 4 0 6 2 4
0 2 0 4
0 2 0 4 0 6 0 8 0 10 4 2 10 8
0 2 0 4 5 0
0 2 0 4 4 0 4 2 7 4
0 2 0 4 0 6 0 8 0 10 0 12 2 14 6 16 10 18
0 2 2 4 5 7 8 2 4 11 4 11 13 4 13 2 13 8 13 18 13 0 18 0
0 2 0 4 0 6
0 2 0 4
0 2 0 4 0 6 0 8 0 10 8 12 10 12
0 2 0 4 0 6 2 8 4 10
0 2 0 4 0 6 0 6 0 9 9 11
0 2 2 4
0 2 0 4 0 6 0 8 4 10
0 2 0 4 0 6 0 8 6 10 8 12
0 2 0 2
0 2 0 4 0 6 2 8 2 10
0 2 0 4 5 7 5 0 5 10
0 2 2 4 2 6 6 8 6 10 8 6
0 2 0 4 0 6 0 8 9 2
0 2 0 4
0 2 0 4 4 0 4 1
0 2 3 0 3 6 3 8
0 2 2 4 4 6
0 2 0 4 0 6 0 8 0 10 0 12 8 14
0 2 2 4 2 4 6 2 6 0
0 2 3 5 3 7 8 0 8 11 11 0
0 2 0 2 0 5 2 7 2 9 10 0
0 2 0 4 0 6 0 8 9 8 4 12 6 14
0 2
0 2 3 5
0 2 0 4 0 6 0 8 0 10 6 12 10 14
0 0
0 2 0 4 0 6 0 8 4 6 4 11 12 6
0 2 0 4 5 0 5 8 5 10
0 2 0 4 0 6
0 2
0 2 0 4 0 6 0 8 6 10
0 2 0 4 0 6 0 8 0 10 4 12 12 14 10 16 17 12 17 4
0 2 0 4 0 6 2 8 2 10 6 12
0 2 0 4 0 6 0 8 2 10 4 12 6 14 12 16
0 2 0 4 0 6 0 8 0 10 4 12
0 2 2 4
0 2 0 4 0 6 0 8 0 10 4 12 8 10 14 10
0 2 0 4 0 6
0 2 0 4 0 6 0 8 2 10 11 2 11 6 11 15 11 17 11 4 11 0 6 21 6 21 17 24
0 2 0 4 0 6 2 8
0 2 0 4 0 6 7 0 6 0 6 2 6 4
0 2 0 4 0 6 0 8 6 0 6 7 6 12 6 1 12 15
0 2 0 4 0 6 0 8 2 10
0 2 0 4 0 6 0 8 6 10
0 2 0 4 0 6 0 8 2 10 2 12 4 14 12 16
0 2 0 4 4 6
0 2
0 2 0 4
0 2 0 4 0 6
0 2 0 4 0 6 0 8 2 10 2 12 4 14
0 2 0 4 0 6 0 8 2 10
0 2 0 4 0 6 0 8 2 6 6 11 6 11
0 2 0 4 2 6
0 2 0 4 0 6 0 8 2 10 2 10 6 2 13 2
0 2 0 4 2 6 7 4 7 10 7 12 7 14 7 16 4 2 14 19
0 2 0 4 0 6
0 2 0 4 0 6 0 8
0 2 0 4 0 6 0 8 6 10 6 12
0 2 0 4 5 0
0 2 0 4 0 4 4 7
0 2 0 4 0 6 0 8 8 2 8 11
0 2 0 4 2 6 2 8
0 2 0 0
0 2
0 2
0 2 2 4 5 7 5 9 5 11 5 2 5 14 9 16 4 18 19 11
0 2 3 5 3 7 3 9 3 2 5 12 7 14
0 2 0 4 0 6 0 8 0 10 0 12 2 10 10 15 10 15 10 8 6 2 8 20
0 2
0 2 0 4 0 6 0 8
0 2 0 4 4 6 4 8
0 2 3 5 6 8 6 0 6 5 6 12 6 3 12 15
0 2 2 4 2 4 6 0 6 2
0 2
0 2 0 4 0 6 0 8 0 10 0 12 6 4 6 0 6 8 6 12 6 10 6 2 4 20 4 20
0 2 0 4 5 0
0 2 0 4 0 6 4 8
0 2 0 4 0 6 0 8 9 8 9 12 9 14 9 2 9 6 9 18 8 20 12 22 12 14 12 9 22 9 26 6
0 2 0 4 4 6
0 2 0 4 0 6 0 8 2 0 2 4 2 6 2 8 13 6 6 16 6 16
0 2 3 2 3 6
0 2 0 4 0 6 0 8 0 10 2 12 4 14 15 8 6 18
0 2 0 4 2 6 2 6 6 9 6 11
0 2 0 4 0 6
0 2 0 4 0 6 6 8
0 2 2 4
0 2 0 4 0 6 0 8
0 2 3 0 3 2 6 0 8 10
0 2 0 4 0 6 2 8 4 10 11 13
0 2 0 4
0 2 0 4 0 6 0 8 0 10 2 12 13 0 10 16
0 2 0 4 0 6 2 8 9 0
0 2 0 0 0 5 0 7 0 9 2 11 2 13 5 15 7 17
0 2 0 4 0 6 4 8 8 0 10 4
0 2 0 4 2 6
0 2
0 2 0 4 0 6 0 8 0 10 8 10 10 13
0 2 0 4 2 6 4 8
0 2 0 4 0 6
0 2
0 2 0 4 0 6 2 8 4 10
0 2 2 4 5 2 5 8 5 10
0 2 0 4 0 6 0 8 2 10 2 12
0 2 0 4 0 6 4 8 9 11
0 2 0 4 0 6 0 8 0 10 6 12 6 14 14 16
0 2 0 4 0 6 0 8 2 10
0 2 0 4 0 6 2 8 2 10 11 2 6 14
0 2 0 4 4 6 4 8
0 2 3 5 3 0 3 8 8 10
0 2
0 2
0 2 0 4 0 6 0 8
0 2 0 4 2 0 2 4
0 2 0 4 0 6 0 8 0 10 0 12 13 6 10 16
0 2 0 4 0 6 0 8 4 0 4 8 4 2 4 6 8 14 8 14
0 2
0 2 3 0
0 2
0 2 0 4 0 6 2 8 4 10
0 2 0 4 0 6 0 8 0 10 2 12 2 12 4 2 8 10 10 2
0 2 3 5 3 2 3 8
0 2 3 2 3 6 6 8
0 2 0 4 0 6 0 8 0 10 4 6
0 2
0 2
0 2 0 4 0 6 2 8 4 10 6 12
0 2 0 4 4 6
0 2 0 4 4 6
0 2 0 4 2 6 4 8
0 2 0 4 0 6 0 8 4 2
0 2 0 4 0 6 0 8 8 10
0 2 0 4 4 6 4 8
0 2 0 4
0 2 0 4 0 6
0 2 0 4 2 6
0 2 0 4 0 6 0 8 0 10 0 12 4 14 4 16
0 2 0 4 0 6 0 8 2 10 11 2 11 6 11 15 11 17 11 4 11 0 6 21 6 21 17 24
0 2 0 4
0 2 0 4 2 6 4 8
0 2 0 2 0 5
0 2
0 2 0 4 5 4
0 2 0 4 0 6 7 0 9 0 11 0 13 11 6 15 11 17 18 9
0 2 0 4 0 6 0 8 2 10 4 12 4 12 6 15 6 4 6 8 8 19
0 2 0 4 2 6 7 2 4 10 4 12
0 2 2 4 2 6 7 2
0 2 0 2 2 5 2 7 8 10 8 2 10 8
0 2 0 4 0 6 2 8 9 4
0 2 0 4 0 6 0 8
0 2 0 4 0 6 0 8 9 6 9 8 9 2 9 4 6 15 6 15 6 15 6 19 6 19 6 19 4 23 4 23 4 6 4 6 27 8 29 8
0 2 0 4 0 6 0 8 2 10 8 2
0 2
0 2 3 5
0 2 0 4 4 6
0 2 0 4 2 4
0 2 0 4 0 6 0 8 4 8 8 11 8 11
0 2 0 4 4 6
0 2 0 4 5 4
0 2 0 4 0 6 0 8 9 6 6 12
0 2
0 2 0 4 0 6
0 2 2 4 5 7 5 9 5 2
0 2 0 4 4 6
0 2 0 4 0 6 0 8 0 10 0 12 0 14 12 16
0 2 0 4 0 6 0 8 0 10 8 12 10 14 15 4
0 2 0 4 2 6 2 6 4 9 4 11 4 2
0 2 0 4
0 2 0 4 5 4
0 2 2 4 5 7 5 2 5 10 5 12 5 0
0 2 0 4 0 6
0 2 3 0 3 6
0 2 0 4 0 6 4 8
0 2 0 4 2 6
0 2 0 4 5 4 5 2
0 2 0 4 0 6 6 8
0 2 0 4 0 6 0 8 2 8
0 2 0 4 2 6 7 9 7 0 7 12
0 2 0 4 2 6
0 2 0 4 4 6
0 2 0 4 0 6
0 2
0 2
0 2 0 4 0 6 0 8 0 10 11 2
0 2 0 4 0 6 0 8 6 10 11 2
0 2 0 4 4 6
0 2 2 4 2 4 2 7 8 0 8 7 8 2
0 2 0 4 2 6
0 2 0 4 2 6 2 8 4 10
0 2 0 4 0 6
0 2 0 4
0 2 0 4 0 6 4 8
0 2 0 4 5 2
0 2 0 4 0 6 7 0
0 2 0 4 0 6 0 8 0 10 10 4
0 2 0 4
0 2 0 4 0 6 0 8 0 10 4 12 6 14 10 16
0 2 0 4 0 6 0 8 8 10 8 12 13 8
0 2 0 4 0 6 4 8 9 0
0 2 3 5 3 7 3 9 3 11 3 13 3 15 3 2 11 18 13 20 15 22
0 2 0 4 0 6 4 8
0 2 0 4 0 6 4 8
0 2 0 4 0 6 0 8
0 2 0 2 0 5 2 7
0 2 0 4
0 2 0 4 0 6 2 4 6 2
0 2 3 0 3 6 6 8
0 2 0 4 0 6 0 8 2 10 6 8
0 2 0 4 0 6 4 8
0 2 2 4 5 2 5 8
0 2 0 4
0 2 0 4
0 2 0 2 0 5 0 7 0 9 2 11 2 11 9 14 9 16 5 11 7 11
0 2 2 4 2 6
0 2 0 4 0 6 0 8 2 10 2 12 13 6
0 2 0 4 4 6
0 2 0 4 0 6 0 8 0 10 0 12 10 4 4 15 6 17
0 2
0 2
0 2 2 4 2 6
0 2 0 4 0 4 4 7 8 4
0 2 0 4 0 6 0 8 2 8 6 11
0 2 0 4 0 6 4 8
0 2 0 2 0 5 0 5 0 8 0 8 2 5 8 2 8 5 8 0 5 15 5 15 5 15
0 2 0 4 0 6 0 8 2 10 11 13
0 2 0 4 0 6 4 8 8 6 10 6 6 13 14 16
0 2 0 4 0 6 7 4
0 2 0 4
0 2 0 4
0 2 0 4 5 4 5 8 5 2 4 2
0 2 0 4 0 6 0 8 4 10 4 10 4 2 8 4
0 2 0 4
0 2 0 4 0 6
0 2
0 2 0 2
0 2 0 4 0 6 2 8 6 10
0 2 0 4 0 6 0 8 8 10 8 12
0 2 0 4 4 6
0 2 0 4 4 2 4 0
0 2 2 4
0 2 2 4
0 2 0 4 0 6 7 9 10 9 10 0
0 2 0 4
0 2 0 4 0 6 0 8 0 10 0 12 6 14 8 16 12 18
0 2 0 4
0 2 0 4 0 6 6 8
0 2 0 4
0 2 3 5
0 2 0 4
0 2 0 4 0 6 2 8 6 10
0 2 0 4 0 6 0 8 0 10 0 12 0 14 2 16 4 18 4 18 4 21 18 23 18 25 14 16
0 2 0 4 0 6
0 2 0 4 0 6 2 8 4 10 4 12 4 14 6 16
0 2 3 5 3 7 5 9
0 2 0 4 0 6 2 6
0 2 0 4 0 6 0 8
0 2 3 0
0 2 0 4 0 6 0 8 2 10 4 12 6 14
0 2 0 4 0 6 7 2 9 6
0 2 0 4 0 6 4 8 9 0
0 2 0 4 2 6 7 9 7 0
0 2 2 4
0 2 0 4 0 6 0 8 6 10
0 2 0 4
0 2 2 4 2 6 4 8
0 2 0 4 2 6 4 8
0 2
0 2 0 4 0 6 0 8 2 10 8 12
0 2 2 4
0 2 0 4 2 6 7 4 4 10
0 2 0 4 0 6 0 8 0 10 0 12 0 14 10 16 14 16
0 2 0 4 0 6 4 8
0 0 0 3 0 5 0 7 0 9 0 11 0 13 14 7 7 17 11 19
0 2
0 2 2 4 2 6
0 2 0 4 0 6 0 8 0 10 4 12 6 14
0 2 0 4 4 6
0 2 0 4 0 6 0 8 2 6 4 2 4 6 4 8 4 0 6 15 6 15 6 15
0 2 3 5 3 7 3 9 3 0 3 12 12 14 15 2
0 2 0 4 0 6 4 8
0 2 0 4 0 6 0 8 0 10 0 12 0 14 2 16 17 0 8 20 10 22
0 2 0 4 0 6 2 8 2 10 11 2
0 2 0 4
0 2 0 4 0 6 0 8 0 8 8 11 8 4
0 2 0 4 0 6 6 8 9 0 9 12
0 2 0 4 0 6 6 4 6 9
0 2 0 4
0 2 0 4 4 6 4 8
0 2 0 4 5 7 5 9 5 0 5 12 5 14 12 2 12 0
0 2 3 5 3 2 3 8 3 0
0 2 3 5
0 2 0 4 2 6 4 2
0 2 0 4 0 6 0 8 0 10 2 12 10 6 10 2 8 16
0 2 0 4 0 6 2 8 6 2 6 11
0 2 0 4 0 6 6 4 6 2
0 2 3 5 3 7 3 9 3 0 9 12
0 2 0 4 0 6 0 8 0 10
0 2 0 4 2 6 7 2
0 2
0 2 0 4 2 6 7 2
0 2 0 4 0 6 2 8
0 2 0 4 0 6
0 2
0 2 0 4 0 6 7 6 4 10
0 2 0 2 0 5 0 7 0 9 0 11
0 2 3 2
0 2 0 4 0 6
0 2 2 4
0 2 0 4 0 6 0 8 6 10
0 2 0 4
0 2 0 4 0 6 0 8 0 10 0 12 0 12 0 15 0 15 8 15 12 19 12 15
0 2 0 4 0 6 0 8 0 10 4 12 10 14
0 2 0 4 0 6 0 8 0 10 0 12 6 14
0 2 0 4 0 6
0 2 0 4 0 6 0 8
0 2 0 4 0 6 0 8 0 10 0 12 8 14
0 2 0 4 0 6 0 8 0 10
0 2 0 4 0 6 4 8
0 2 0 4 4 6 4 8
0 2 0 2 0 5
0 2 0 0
0 2 0 4 0 6 2 8
0 2 0 4 0 6 0 8
0 2 0 4 4 2 6 8 6 10 6 12 6 4 6 15 8 17 12 19
0 2 0 4
0 2 2 4 5 2
0 2 0 2 0 5 5 7 5 9
0 2 0 4
0 2
0 2 0 4 0 6
0 2 0 4
0 2 0 4
0 2 0 4 0 6 6 8
0 2
0 2 0 4 5 7
0 2 0 4 2 6 2 8 8 10
0 2 0 4 0 6 0 8 0 10 4 12 10 0
0 2 0 4 0 6 4 8 9 6 11 2
0 2 3 0
0 2 0 4 0 6 7 9 10 6
0 2 0 4 5 7 5 9 10 0 10 2 13 0 13 16 13 18 13 20 13 22 13 5 16 25 18 27
0 2 0 4 0 6 2 8 2 4 4 11 6 13
0 2 0 4 0 6 0 8 0 10 11 8 10 14
0 2 0 4 0 6 6 8
0 2 0 4 0 6
0 2 0 4
0 2
0 2
0 2 0 4 0 6 0 8 0 10 0 12 8 6 8 12 8 12 8 8 8 10 8 2 8 4
0 2
0 2
0 2 0 4 0 6 6 8
0 2 2 4
0 2 0 4 0 6
0 2 2 4 2 6 7 4 7 10 7 12 7 0 7 15 7 2 7 18 10 20 21 18
0 2 0 4 0 6 7 6 6 10 6 10 6 13 6 13 6 16 6 16 4 6 4 0 4 2
0 2 0 4
0 2 0 4 0 0 0 7 7 0
0 2 0 4 0 6
0 2 0 4 4 6
0 2 0 4
0 2 3 2 3 6 7 2 7 6
0 2 0 2 0 5 0 7 0 9
0 2 0 4 0 6 0 8 2 10 11 2
0 2 3 2 3 6
0 2 0 4 0 6
0 2 0 4 0 6 0 8 9 0 11 4 13
0 2
0 2 0 4 0 6 0 8 0 10 0 12 13 12 8 16 10 18
0 2 0 4 0 6 0 8 2 10 11 4
0 2 3 2 3 6 3 8
0 2 0 4 4 6
0 2 0 4 0 6 6 8
0 2
0 2 0 4
0 2 0 4 0 6 7 4
0 2 0 4 0 6
0 2 0 4 0 6 2 8 2 10 2 12 13 12 13 2
0 2 2 4
0 2
0 2 0 4 0 6 0 8 0 8 0 11 0 13 8 2 8 2 11 17
0 2 0 4 0 6 0 8 0 10 2 12 4 8 6 15 6 15 8 10 8 6 10 20 10 20 10 2
0 2 0 4 0 6 0 8 9 11 4 6 4 2 6 15 6 15 17 6 8 20
0 2
0 2 0 4
0 2 0 4 0 6 0 8 0 10 0 12 4 14 15 0 6 14
0 2 0 4 0 6 0 8
0 2 0 4 0 6
0 2 0 4 0 6 4 8 9 7 6 12
0 2
0 2 0 4 2 6 2 8
0 2 0 4 0 6 0 8 2 10
0 2 0 4 2 6 2 6 8 10 8 2 8 4 8 4
0 2 0 4 0 6 0 8 0 10 0 12 6 14
0 2 0 4 4 6 7 2
0 2 0 4
0 2 0 4 0 6 0 8 0 10 8 12
0 2
0 2 0 2 4 6
0 2 0 4
0 2 0 4 0 0
0 2 0 4 2 6 7 0 7 2
0 2 2 4 5 7 5 9 5 2 5 12 9 14 9 16 4 18
0 2 0 4 0 6 0 8
0 2 0 4 0 6 6 8 6 10
0 2 3 2 3 0
0 2 3 2
0 2 0 4 0 6 4 6 4 2 4 0 10 4
0 2 0 4
0 2 0 4 0 6 0 8 2 10 4 2 12 0 8 15
0 2 0 4 0 6 2 8 9 2
0 2 0 4 2 6
0 2 0 4 4 6 7 0
0 2 0 4 0 6 2 4 2 6
0 2 0 4 0 6 0 8 4 10
0 2
0 2 3 5 3 7 7 9 10 7
0 2 0 4 0 6 2 8 6 10
0 2 0 4 0 6
0 2 0 4 4 6
0 2 0 4 0 6 2 8 9 2
0 2 0 4 4 2
0 2 2 4 5 4 4 8 8 10 8 12 13 4
0 2 0 4 0 6 0 8 6 10 8 12
0 2
0 2 0 4 0 6 0 8 9 11 9 8
0 2 0 4 0 6 0 8 8 10 6 12
0 2 2 4
0 2 0 4 0 6 6 8
0 2
0 2
0 2 0 4 0 6 0 6 0 0
0 2 0 4 0 6 4 8 4 10
0 2 0 4 0 4 4 7 4 9
0 2 0 4
0 2 0 4 0 6 0 8 4 2 4 11
0 2
0 2 0 4
0 2 0 4 0 6 6 8 6 10 11 6
0 2 0 4 0 4 0 7 0 9 0 11 2 13 4 15 7 17 11 19
0 2 3 2
0 2 2 4 5 7 5 0 7 10 7 12 12 14
0 2 0 4 0 6 0 8 4 10 6 12
0 2
0 2 3 2 3 6 3 8 3 10 3 12 6 14
0 2 0 4 4 6 6 8
0 2 0 4 0 6 0 8
0 2 0 4 2 4 6 2 6 9 6 11
0 0 0 3 0 5 0 7 3 9 7 11
0 2 0 4 0 6 0 6
0 2 0 4 0 6 0 8 0 10 11 10 6 14 15 4
0 2 0 4 0 6 2 8 6 10
0 2 2 4 5 2
0 2 0 4 0 6 4 8 4 10
0 2 0 4 5 2 7 2
0 2 0 4 0 6 0 8 2 10 11 6
0 2 0 4 0 6 4 8
0 2 0 4 0 6 0 8 0 0 0 11 4 13
0 2 0 4 0 6 0 8 2 10 2 12
0 2 0 4 0 6 0 8 0 10 0 12
0 2 0 4 4 6
0 2 0 4 0 6 0 8 0 10 0 12 8 14 10 16 12 18
0 2
0 2 3 0
0 2 3 2 3 6 3 8
0 2 0 4
0 2 0 4 0 6 4 8
0 2 0 4 0 6 2 8 2 4 6 2
0 2 0 4 2 6
0 2 0 4 0 6 4 8
0 2 0 0 0 5 2 7
0 2 0 4 0 6 0 8 2 10 2 10 2 4 2 4 4 15 4 15 4 18 4 18 6 2
0 2 0 4 0 6 0 8 4 6
0 2 0 4
0 2 0 4 5 2
0 2 0 4 0 6 0 8
0 2 0 4 2 6
0 2 0 4 0 6 4 8
0 2 0 4 5 7 5 9 9 11
0 2 0 2 0 5 0 5 0 8 0 8 0 11 0 11 2 14 2 14 2 14 17 11 17 5 17 8 17 2
0 2 0 4 0 6 0 8 4 10 8 12
0 2 0 4 0 6 4 8
0 2 0 4 0 6 0 8 0 0 4 2
0 2 0 4 0 6 6 8
0 2 0 4
0 2 2 4
0 2 0 4 0 6 0 8 0 10 0 12
0 2 0 4 0 6 2 8 6 10
0 2 0 4
0 2 0 4 0 6 0 8 0 10 2 12 13 10 10 16 10 18
0 2 0 4 0 6 0 8 0 10 0 12 6 14
0 2 0 2 0 5 0 7 0 9 9 11 9 13 9 15
0 2 2 4
0 2 0 4 2 6
0 2
0 2 0 4 0 6 7 6 7 2 7 0 7 4 6 13 4 15 4 15
0 2 0 4 0 6 2 8 2 10 4 12 13 0 13 2
0 2 0 4 2 6
0 2 0 4 2 6
0 2 0 2 0 5 0 5 0 8 0 8 2 11 2 11
0 2 0 4 0 6 0 8 0 10 6 8 6 10 6 2 6 4 6 0 4 17 4 17
0 0 0 3
0 2 0 4
0 2 0 4 0 6 2 0 2 4 2 6 4 11 4 11
0 2 0 4 0 6 2 8 2 10
0 2 0 4 0 6 0 8 0 10
0 2 2 4 5 0
0 2 0 4 0 6 4 8 4 10 8 12 8 14 6 16 6 18 16 20
0 2 0 4 0 6
0 2 0 2 0 5 0 7 0 9 7 5 9 7
0 2 0 4 5 7 5 0 5 10
0 2 0 4 2 6
0 2 0 4 2 6 4 8
0 2 0 4 0 6 2 8 4 10 11 2
0 2 2 0 4 0
0 2 0 4 2 6
0 2 0 4 4 6 4 8
0 2 0 4 0 6 6 8 6 2 6 4
0 2 0 4 0 6 2 8 6 10 6 12
0 2 0 4 4 6 4 8 8 10
0 2 0 4
0 2 0 4 0 6 0 8 9 4 4 12
0 2 2 0
0 2 0 4 0 6
0 2 0 4 0 6
0 2 0 4 0 6 2 4
0 2 0 4
0 2 0 4 0 6 0 8
0 2 0 4 0 6 0 8 4 10 4 12 13 15 8 17 18 8 18 0
0 2 0 4 2 4 4 7 4 7
0 2 0 4 0 6 0 8 6 10 6 10 8 0 8 2 8 4 8 6
0 2 0 4 0 6 6 8
0 2 3 5 5 2 5 8
0 2
0 2 0 4 2 6
0 2 0 4 0 6 2 8 2 10 2 12 4 14
0 2 0 4 4 6 7 4
0 2 0 4 0 6 2 8 6 10
0 2 0 4 4 6
0 2 0 4 0 6 7 0 7 10 7 12 7 14 12 16
0 2 0 4 0 6
0 2 0 4
0 2 2 4 2 6
0 2 0 4 0 6
0 2 0 4 2 6 4 8
0 2 0 4 0 6 6 8
0 2 3 2 3 0 6 8 6 0 6 11 12 8
0 2 0 4 0 6 0 8 2 10 11 13 4 6 6 16
0 2 2 4 2 6 2 8 2 10 2 12 4 2 4 10 4 12 4 6 6 18 6 20 6 20
0 2 0 4 0 6 0 8 4 10 6 8
0 2 0 4 0 6 0 8 4 10
0 2 0 4 4 6
0 2 0 4 0 6 2 8 9 6
0 2 3 5 3 5 3 0
0 2 0 4 0 6 0 8 2 10
0 2
0 2 0 4 5 7 5 0 5 0 5 11 5 13 13 15 15 17
0 2 0 4 0 6 7 6 4 10
0 2 0 4 0 6
0 2 0 4 0 6 0 8 6 4 4 11 4 11 13 4
0 2 0 4
0 2 0 4 0 6 0 8 9 4 9 8 9 13 4 15 16 18 6 20
0 2 0 4 4 6
0 2 0 4 0 6 0 8 2 10 6 12
0 2 3 5 3 2
0 2 0 4 0 6 2 4 4 9 4 9
0 2 0 4
0 2 0 4
0 2 2 4 5 7 5 4 5 0 5 2 4 12
0 2 0 4 0 6 0 8 0 10 4 12
0 2 2 4 5 7 5 0 5 2 10 12 10 14 15 17
0 2 0 4 5 7 5 9 5 11 5 0 5 2
0 2 0 4 0 6 0 8 0 10 4 12 4 14
0 2 0 4 4 6
0 2 0 4
0 2 0 2
0 2
0 2 0 4 4 6
0 2 0 4 0 6 0 8 6 10 6 12
0 2 0 4 0 6
0 2
0 2 0 4 2 6
0 2 2 4 5 0
0 2 0 4 4 6
0 2 0 4 0 6 0 8 0 10 11 4 11 10 11 2 8 11 8 17 6 19
0 2 2 4 2 6
0 2 3 0 3 6 3 8 3 10 6 12 8 14 10 16
0 2 0 4 0 6 7 0
0 2 0 4 0 6 0 8 6 10
0 2 0 4 0 6 0 8
0 2 0 4 0 6 0 8 0 10 0 12 4 12 12 15 12 15 12 6 8 2
0 2 3 5 3 7 3 9 3 11 3 2 3 14
0 2 0 4 0 6 2 0 2 4 2 6 6 11 6 11
0 2 0 4 0 6 0 8 9 4
0 2 0 4 0 6
0 2 0 4 0 6 0 8 0 10 2 12 2 4 4 15 4 15 4 6 8 19 8 2
0 2 0 4 0 6 0 8 8 10
0 2 0 4 5 7 5 0
0 2 0 4 0 6 2 8 2 6 4 2 4 0 4 6
0 2 0 4 0 6 6 2 4 9
0 2 0 4 0 6 0 8 0 10 10 12
0 2 2 4 2 6 2 8 4 10
0 2
0 2 3 5 3 7 3 2
0 2 3 5 3 7 3 9 3 11
0 2 0 4 0 6 0 8 0 0 4 11 6 13
0 2 0 4 0 6 4 8 4 10 11 4
0 2 0 4 0 6 0 8 8 10 11 8
0 2 0 4 0 6 4 8
0 2 0 4 0 6 4 8
0 2 0 2 4 6 4 0 4 9 4 11 12 9 9 15
0 2 0 4 0 6
0 2 0 4 0 6 2 8 4 10 4 12
0 2 0 4 2 4 2 0
0 2 0 4 0 6 7 6 6 10
0 2 0 4 0 6 0 8 0 10 0 12 13 8
0 2 0 4 0 6 0 8 0 10 4 10 4 8 4 0 4 2 4 6
0 2 3 5 3 7 8 10 8 0 8 3
0 2 0 4 0 6 2 8 2 8 2 6 4 2 6 13
0 2
0 2 0 4 0 6 0 8 0 10 10 4
0 2 0 4 0 6
0 2 0 4 0 6 4 8 6 10
0 2 0 4 0 6 0 8 0 10 0 12 2 14 2 16 4 18 6 20
0 2 0 2 0 5 0 7
0 2 0 4 0 6 0 8 0 10 4 10 10 6
0 2 2 4 2 4 6 2
0 2 0 4
0 2 3 0 3 6 3 8
0 2 0 4
0 2 0 4 2 6 2 6 8 2
0 2 0 4 4 6
0 2 0 4 0 6 0 8 9 11
0 2 3 5 3 7
0 2 2 4 5 2
0 2 0 4 2 0 2 7 2 4 9 4 4 12 4 12
0 2 0 4 4 6 4 2 4 0
0 2 0 4 0 6 6 2
0 2 2 4
0 2 0 4
0 2 0 4 2 6
0 2 0 4 0 6 0 8 0 10
0 2 0 4 0 6
0 2 0 4 0 6
0 2 2 4
0 2 0 4
0 2 3 5
0 2 2 4 5 7 5 0 5 10 7 12 10 7
0 2
0 2 0 4
0 2 0 4 0 6 2 8